 930 600 1
 1  0.  255.000015  103.212013
 2  0.  243.171509  100.183006
 3  0.  251.057098  102.202301
 4  0.  247.114304  101.192711
 5  0.  235.932816  116.209709
 6  0.  238.4646  110.921707
 7  0.  240.877914  105.578613
 8  0.  245.63501  93.9811478
 9  0.  255.000015  95.9412842
 10  0.  247.940414  87.7188873
 11  0.  255.000015  88.6707077
 12 -9.88854599  256.566223  81.4000015
 13 -14.5277004  258.487823  81.4000015
 14 -18.8091316  261.111511  81.4000015
 15 -22.6274204  264.37262  81.4000015
 16 -25.8885403  268.190918  81.4000015
 17 -28.5122128  272.472321  81.4000015
 18 -30.4338112  277.111511  81.4000015
 19 -32.  287.  81.4000015
 20 -32.  250.086105  81.4000015
 21 -32.  255.000015  81.4000015
 22 -48.0000038  233.283813  121.439903
 23 -48.0000038  243.171509  100.183006
 24 -48.0000038  250.086105  81.4000015
 25 -48.0000038  255.000015  81.4000015
 26 -48.0000038  255.000015  103.212013
 27 -48.0000038  251.057098  102.202301
 28 -48.0000038  247.114304  101.192711
 29 -48.0000038  235.932816  116.209709
 30 -48.0000038  238.4646  110.921707
 31 -48.0000038  240.877914  105.578613
 32 -48.0000038  245.63501  93.9811478
 33 -48.0000038  255.000015  95.9412842
 34 -48.0000038  247.940414  87.7188873
 35 -48.0000038  255.000015  88.6707077
 36 -5.33333349  233.283813  121.439903
 37 -5.33333349  243.171509  100.183006
 38 -5.33333349  250.086105  81.4000015
 39 -5.33333349  251.057098  102.202301
 40 -5.33333349  247.114304  101.192711
 41 -5.33333349  235.932816  116.209709
 42 -5.33333349  238.4646  110.921707
 43 -5.33333349  240.877914  105.578613
 44 -5.33333349  245.63501  93.9811478
 45 -5.33333349  247.940414  87.7188873
 46 -10.6666708  233.283813  121.439903
 47 -10.6666708  243.171509  100.183006
 48 -10.6666708  250.086105  81.4000015
 49 -10.6666708  255.000015  81.4000015
 50 -10.6666708  255.000015  103.212013
 51 -10.6666708  251.057098  102.202301
 52 -10.6666708  247.114304  101.192711
 53 -10.6666708  235.932816  116.209709
 54 -10.6666708  238.4646  110.921707
 55 -10.6666708  240.877914  105.578613
 56 -10.6666708  245.63501  93.9811478
 57 -10.6666708  255.000015  95.9412842
 58 -10.6666708  247.940414  87.7188873
 59 -10.6666708  255.000015  88.6707077
 60 -16.  233.283813  121.439903
 61 -16.  243.171509  100.183006
 62 -16.  250.086105  81.4000015
 63 -16.  255.000015  81.4000015
 64 -16.  255.000015  103.212013
 65 -16.  251.057098  102.202301
 66 -16.  247.114304  101.192711
 67 -16.  235.932816  116.209709
 68 -16.  238.4646  110.921707
 69 -16.  240.877914  105.578613
 70 -16.  245.63501  93.9811478
 71 -16.  255.000015  95.9412842
 72 -16.  247.940414  87.7188873
 73 -16.  255.000015  88.6707077
 74 -21.3333302  233.283813  121.439903
 75 -21.3333302  243.171509  100.183006
 76 -21.3333302  250.086105  81.4000015
 77 -21.3333302  255.000015  81.4000015
 78 -21.3333302  255.000015  103.212013
 79 -21.3333302  251.057098  102.202301
 80 -21.3333302  247.114304  101.192711
 81 -21.3333302  235.932816  116.209709
 82 -21.3333302  238.4646  110.921707
 83 -21.3333302  240.877914  105.578613
 84 -21.3333302  245.63501  93.9811478
 85 -21.3333302  255.000015  95.9412842
 86 -21.3333302  247.940414  87.7188873
 87 -21.3333302  255.000015  88.6707077
 88 -26.6666718  233.283813  121.439903
 89 -26.6666718  243.171509  100.183006
 90 -26.6666718  250.086105  81.4000015
 91 -26.6666718  255.000015  81.4000015
 92 -26.6666718  255.000015  103.212013
 93 -26.6666718  251.057098  102.202301
 94 -26.6666718  247.114304  101.192711
 95 -26.6666718  235.932816  116.209709
 96 -26.6666718  238.4646  110.921707
 97 -26.6666718  240.877914  105.578613
 98 -26.6666718  245.63501  93.9811478
 99 -26.6666718  255.000015  95.9412842
 100 -26.6666718  247.940414  87.7188873
 101 -26.6666718  255.000015  88.6707077
 102 -32.  233.283813  121.439903
 103 -32.  243.171509  100.183006
 104 -32.  255.000015  103.212013
 105 -32.  251.057098  102.202301
 106 -32.  247.114304  101.192711
 107 -32.  235.932816  116.209709
 108 -32.  238.4646  110.921707
 109 -32.  240.877914  105.578613
 110 -32.  245.63501  93.9811478
 111 -32.  255.000015  95.9412842
 112 -32.  247.940414  87.7188873
 113 -32.  255.000015  88.6707077
 114 -37.3333435  233.283813  121.439903
 115 -37.3333435  243.171509  100.183006
 116 -37.3333435  250.086105  81.4000015
 117 -37.3333435  255.000015  81.4000015
 118 -37.3333435  255.000015  103.212013
 119 -37.3333435  251.057098  102.202301
 120 -37.3333435  247.114304  101.192711
 121 -37.3333435  235.932816  116.209709
 122 -37.3333435  238.4646  110.921707
 123 -37.3333435  240.877914  105.578613
 124 -37.3333435  245.63501  93.9811478
 125 -37.3333435  255.000015  95.9412842
 126 -37.3333435  247.940414  87.7188873
 127 -37.3333435  255.000015  88.6707077
 128 -42.6666756  233.283813  121.439903
 129 -42.6666756  243.171509  100.183006
 130 -42.6666756  250.086105  81.4000015
 131 -42.6666756  255.000015  81.4000015
 132 -42.6666756  255.000015  103.212013
 133 -42.6666756  251.057098  102.202301
 134 -42.6666756  247.114304  101.192711
 135 -42.6666756  235.932816  116.209709
 136 -42.6666756  238.4646  110.921707
 137 -42.6666756  240.877914  105.578613
 138 -42.6666756  245.63501  93.9811478
 139 -42.6666756  255.000015  95.9412842
 140 -42.6666756  247.940414  87.7188873
 141 -42.6666756  255.000015  88.6707077
 142 -20.0712318  258.055817  81.4000015
 143 -27.3137131  259.68631  81.3999939
 144 -32.  260.333313  81.4000015
 145 -37.3333435  260.333313  81.4000015
 146 -42.6666756  260.333313  81.4000015
 147 -48.0000038  260.333313  81.4000015
 148 -32.  265.666687  81.4000015
 149 -37.3333435  265.666687  81.4000015
 150 -42.6666756  265.666687  81.4000015
 151 -48.0000038  265.666687  81.4000015
 152 -32.  271.  81.4000015
 153 -37.3333435  271.  81.4000015
 154 -42.6666756  271.  81.4000015
 155 -48.0000038  271.  81.4000015
 156 -32.  276.333313  81.4000015
 157 -37.3333435  276.333313  81.4000015
 158 -42.6666756  276.333313  81.4000015
 159 -48.0000038  276.333313  81.4000015
 160 -37.3333435  281.666687  81.4000015
 161 -42.6666756  281.666687  81.4000015
 162 -48.0000038  281.666687  81.4000015
 163 -37.3333435  287.  81.4000015
 164 -42.6666756  287.  81.4000015
 165 -48.0000038  287.  81.4000015
 166 -28.9442711  266.928833  81.3999939
 167 -48.0000038  260.333313  101.335709
 168 -48.0000038  260.333313  94.6904449
 169 -48.0000038  260.333313  88.0452805
 170 -48.0000038  265.666687  99.4593887
 171 -48.0000038  265.666687  93.4395523
 172 -48.0000038  265.666687  87.4198227
 173 -48.0000038  271.  97.5830994
 174 -48.0000038  271.  92.1887054
 175 -48.0000038  271.  86.7943954
 176 -48.0000038  276.333313  95.7068176
 177 -48.0000038  276.333313  90.9378586
 178 -48.0000038  276.333313  86.1689758
 179 -48.0000038  281.666687  93.8304749
 180 -42.6666756  287.  91.9542084
 181 -42.6666756  260.333313  101.335709
 182 -42.6666756  260.333313  94.6904449
 183 -42.6666756  260.333313  88.0452805
 184 -42.6666756  265.666687  99.4593887
 185 -42.6666756  265.666687  93.4395523
 186 -42.6666756  265.666687  87.4198227
 187 -42.6666756  271.  97.5830994
 188 -42.6666756  271.  92.1887054
 189 -42.6666756  271.  86.7943954
 190 -42.6666756  276.333313  95.7068176
 191 -42.6666756  276.333313  90.9378586
 192 -42.6666756  276.333313  86.1689758
 193 -42.6666756  281.666687  93.8304749
 194 -37.3333435  287.  91.9542084
 195 -37.3333435  260.333313  101.335709
 196 -37.3333435  260.333313  94.6904449
 197 -37.3333435  260.333313  88.0452805
 198 -37.3333435  265.666687  99.4593887
 199 -37.3333435  265.666687  93.4395523
 200 -37.3333435  265.666687  87.4198227
 201 -37.3333435  271.  97.5830994
 202 -37.3333435  271.  92.1887054
 203 -37.3333435  271.  86.7943954
 204 -37.3333435  276.333313  95.7068176
 205 -37.3333435  276.333313  90.9378586
 206 -37.3333435  276.333313  86.1689758
 207 -37.3333435  281.666687  93.8304749
 208 -32.  287.  91.9542084
 209 -32.  260.333313  101.335709
 210 -32.  260.333313  94.6904449
 211 -32.  260.333313  88.0452805
 212 -32.  265.666687  99.4593887
 213 -32.  265.666687  93.4395523
 214 -32.  265.666687  87.4198227
 215 -32.  271.  97.5830994
 216 -32.  271.  92.1887054
 217 -32.  271.  86.7943954
 218 -32.  276.333313  95.7068176
 219 -32.  276.333313  90.9378586
 220 -32.  276.333313  86.1689758
 221 -48.0000038  287.  91.9542084
 222 -48.0000038  281.666687  85.5435104
 223 -48.0000038  287.  84.9180832
 224 -48.0000038  281.666687  89.6869583
 225 -48.0000038  287.  88.4361038
 226 -42.6666756  281.666687  85.5435104
 227 -42.6666756  287.  84.9180832
 228 -42.6666756  281.666687  89.6869583
 229 -42.6666756  287.  88.4361038
 230 -37.3333435  281.666687  85.5435104
 231 -37.3333435  287.  84.9180832
 232 -37.3333435  281.666687  89.6869583
 233 -37.3333435  287.  88.4361038
 234 -31.6060314  281.99411  81.4000015
 235 -31.6060314  281.99411  93.8304749
 236 -31.6060314  281.99411  85.5435104
 237 -32.  287.  84.9180832
 238 -31.6060314  281.99411  89.6869583
 239 -32.  287.  88.4361038
 240 -30.4338112  277.111511  95.4330368
 241 -30.4338112  277.111511  86.1689758
 242 -30.4338112  277.111511  90.9378586
 243 -28.5122128  272.472321  97.0651398
 244 -28.5122128  272.472321  86.7943954
 245 -28.5122128  272.472321  92.1887054
 246 -28.9442711  266.928833  99.0153732
 247 -28.9442711  266.928833  87.4198151
 248 -28.9442711  266.928833  93.4395447
 249 -25.8885403  268.190918  98.5713577
 250 -25.8885403  268.190918  87.4198227
 251 -25.8885403  268.190918  93.4395523
 252 -27.3137131  259.68631  101.563301
 253 -27.3137131  259.68631  88.0452805
 254 -27.3137131  259.68631  94.6904373
 255 -20.0712318  258.055817  102.137001
 256 -20.0712318  258.055817  88.6707077
 257 -20.0712318  258.055817  95.9412842
 258 -9.88854599  256.566223  102.661003
 259 -9.88854599  256.566223  88.6707077
 260 -9.88854599  256.566223  95.9412842
 261 -14.5277004  258.487823  101.985008
 262 -14.5277004  258.487823  88.6707077
 263 -14.5277004  258.487823  95.9412842
 264 -18.8091316  261.111511  101.061897
 265 -18.8091316  261.111511  88.6707077
 266 -18.8091316  261.111511  95.9412842
 267 -22.6274204  264.37262  99.9146576
 268 -22.6274204  264.37262  88.0452881
 269 -22.6274204  264.37262  94.6904449
 270  0.  251.878311  95.2879105
 271  0.  248.756714  94.6345291
 272  0.  251.470215  88.1947861
 273  0.  252.543015  81.3999939
 274  0.  255.000015  81.3999939
 275  0.  250.086105  81.3999939
 276 -5.33333349  255.000015  103.212013
 277 -5.33333349  255.000015  95.9412842
 278 -5.33333349  255.000015  88.6707077
 279 -5.33333349  251.878311  95.2879105
 280 -5.33333349  248.756714  94.6345291
 281 -5.33333349  251.470215  88.1947861
 282 -5.33333349  255.000015  81.3999939
 283 -5.33333349  252.543015  81.3999939
 284 -10.6666708  251.878311  95.2879105
 285 -10.6666708  248.756714  94.6345291
 286 -10.6666708  251.470215  88.1947861
 287 -10.6666708  252.543015  81.3999939
 288 -16.  251.878311  95.2879105
 289 -16.  248.756714  94.6345291
 290 -16.  251.470215  88.1947861
 291 -16.  252.543015  81.3999939
 292 -21.3333302  251.878311  95.2879105
 293 -21.3333302  248.756714  94.6345291
 294 -21.3333302  251.470215  88.1947861
 295 -21.3333302  252.543015  81.3999939
 296 -26.6666718  251.878311  95.2879105
 297 -26.6666718  248.756714  94.6345291
 298 -26.6666718  251.470215  88.1947861
 299 -26.6666718  252.543015  81.3999939
 300 -32.  251.878311  95.2879105
 301 -32.  248.756714  94.6345291
 302 -32.  251.470215  88.1947861
 303 -32.  252.543015  81.3999939
 304 -37.3333435  251.878311  95.2879105
 305 -37.3333435  248.756714  94.6345291
 306 -37.3333435  251.470215  88.1947861
 307 -37.3333435  252.543015  81.3999939
 308 -42.6666756  251.878311  95.2879105
 309 -42.6666756  248.756714  94.6345291
 310 -42.6666756  251.470215  88.1947861
 311 -42.6666756  252.543015  81.3999939
 312 -48.0000038  251.878311  95.2879105
 313 -48.0000038  248.756714  94.6345291
 314 -48.0000038  251.470215  88.1947861
 315 -48.0000038  252.543015  81.3999939
 316 -32.  317.  81.4000015
 317 -32.  311.  81.4000015
 318 -32.  305.  81.3999939
 319 -32.  299.  81.3999939
 320 -32.  293.  81.4000015
 321 -48.0000038  317.  81.4000015
 322 -37.3333626  317.  81.3999939
 323 -42.6666412  317.  81.3999939
 324 -37.3333626  311.  81.3999939
 325 -42.6666412  311.  81.4000015
 326 -48.0000038  311.  81.4000015
 327 -37.3333626  305.  81.3999786
 328 -42.6666412  305.  81.3999939
 329 -48.0000038  305.  81.3999939
 330 -37.3333626  299.  81.3999939
 331 -42.6666412  299.  81.4000015
 332 -48.0000038  299.  81.3999939
 333 -37.3333626  293.  81.3999939
 334 -42.6666412  293.  81.4000015
 335 -48.0000038  293.  81.4000015
 336 -48.0000038  311.  83.510849
 337 -48.0000038  305.  85.6216736
 338 -48.0000038  299.  87.7325363
 339 -48.0000038  299.  84.5662613
 340 -48.0000153  293.000122  89.8433838
 341 -48.0000038  293.  85.6216812
 342 -42.6666756  311.  83.510849
 343 -42.6666756  305.  85.6216736
 344 -42.6666756  299.  87.7325363
 345 -42.6666756  299.  84.5662613
 346 -42.6666832  293.000122  89.8433838
 347 -42.6666756  293.  85.6216812
 348 -37.3333435  311.  83.510849
 349 -37.3333435  305.  85.6216736
 350 -37.3333435  299.  87.7325363
 351 -37.3333435  299.  84.5662613
 352 -37.3333549  293.000122  89.8433838
 353 -37.3333435  293.  85.6216812
 354 -32.  311.  83.510849
 355 -32.  305.  85.6216736
 356 -32.  299.  87.7325363
 357 -32.  299.  84.5662613
 358 -32.0000114  293.000122  89.8433838
 359 -32.  293.  85.6216812
 360  0.  244.244919  106.553108
 361  0.  247.612015  107.527496
 362  0.  250.979111  108.502007
 363  0.  241.295807  111.878502
 364  0.  244.126923  112.835213
 365  0.  246.958221  113.792007
 366  0.  238.267609  117.167107
 367  0.  240.602417  118.124496
 368  0.  242.93721  119.082008
 369  0.  235.161301  122.417297
 370  0.  237.038803  123.394608
 371  0.  238.916306  124.372009
 372  0.  233.283813  121.439903
 373 -5.33333349  244.244919  106.553108
 374 -5.33333349  247.612015  107.527496
 375 -5.33333349  250.979111  108.502007
 376 -5.33333349  241.295807  111.878502
 377 -5.33333349  244.126923  112.835213
 378 -5.33333349  246.958221  113.792007
 379 -5.33333349  238.267609  117.167107
 380 -5.33333349  240.602417  118.124496
 381 -5.33333349  242.93721  119.082008
 382 -5.33333349  235.161301  122.417297
 383 -5.33333349  237.038803  123.394608
 384 -5.33333349  238.916306  124.372009
 385 -10.6666708  244.244919  106.553108
 386 -10.6666708  247.612015  107.527496
 387 -10.6666708  250.979111  108.502007
 388 -10.6666708  241.295807  111.878502
 389 -10.6666708  244.126923  112.835213
 390 -10.6666708  246.958221  113.792007
 391 -10.6666708  238.267609  117.167107
 392 -10.6666708  240.602417  118.124496
 393 -10.6666708  242.93721  119.082008
 394 -10.6666708  235.161301  122.417297
 395 -10.6666708  237.038803  123.394608
 396 -10.6666708  238.916306  124.372009
 397 -16.  244.244919  106.553108
 398 -16.  247.612015  107.527496
 399 -16.  250.979111  108.502007
 400 -16.  241.295807  111.878502
 401 -16.  244.126923  112.835213
 402 -16.  246.958221  113.792007
 403 -16.  238.267609  117.167107
 404 -16.  240.602417  118.124496
 405 -16.  242.93721  119.082008
 406 -16.  235.161301  122.417297
 407 -16.  237.038803  123.394608
 408 -16.  238.916306  124.372009
 409 -21.3333302  244.244919  106.553108
 410 -21.3333302  247.612015  107.527496
 411 -21.3333302  250.979111  108.502007
 412 -21.3333302  241.295807  111.878502
 413 -21.3333302  244.126923  112.835213
 414 -21.3333302  246.958221  113.792007
 415 -21.3333302  238.267609  117.167107
 416 -21.3333302  240.602417  118.124496
 417 -21.3333302  242.93721  119.082008
 418 -21.3333302  235.161301  122.417297
 419 -21.3333302  237.038803  123.394608
 420 -21.3333302  238.916306  124.372009
 421 -26.6666718  244.244919  106.553108
 422 -26.6666718  247.612015  107.527496
 423 -26.6666718  250.979111  108.502007
 424 -26.6666718  241.295807  111.878502
 425 -26.6666718  244.126923  112.835213
 426 -26.6666718  246.958221  113.792007
 427 -26.6666718  238.267609  117.167107
 428 -26.6666718  240.602417  118.124496
 429 -26.6666718  242.93721  119.082008
 430 -26.6666718  235.161301  122.417297
 431 -26.6666718  237.038803  123.394608
 432 -26.6666718  238.916306  124.372009
 433 -32.  244.244919  106.553108
 434 -32.  247.612015  107.527496
 435 -32.  250.979111  108.502007
 436 -32.  241.295807  111.878502
 437 -32.  244.126923  112.835213
 438 -32.  246.958221  113.792007
 439 -32.  238.267609  117.167107
 440 -32.  240.602417  118.124496
 441 -32.  242.93721  119.082008
 442 -32.  235.161301  122.417297
 443 -32.  237.038803  123.394608
 444 -32.  238.916306  124.372009
 445 -37.3333435  244.244919  106.553108
 446 -37.3333435  247.612015  107.527496
 447 -37.3333435  250.979111  108.502007
 448 -37.3333435  241.295807  111.878502
 449 -37.3333435  244.126923  112.835213
 450 -37.3333435  246.958221  113.792007
 451 -37.3333435  238.267609  117.167107
 452 -37.3333435  240.602417  118.124496
 453 -37.3333435  242.93721  119.082008
 454 -37.3333435  235.161301  122.417297
 455 -37.3333435  237.038803  123.394608
 456 -37.3333435  238.916306  124.372009
 457 -42.6666756  244.244919  106.553108
 458 -42.6666756  247.612015  107.527496
 459 -42.6666756  250.979111  108.502007
 460 -42.6666756  241.295807  111.878502
 461 -42.6666756  244.126923  112.835213
 462 -42.6666756  246.958221  113.792007
 463 -42.6666756  238.267609  117.167107
 464 -42.6666756  240.602417  118.124496
 465 -42.6666756  242.93721  119.082008
 466 -42.6666756  235.161301  122.417297
 467 -42.6666756  237.038803  123.394608
 468 -42.6666756  238.916306  124.372009
 469 -48.0000038  244.244919  106.553108
 470 -48.0000038  247.612015  107.527496
 471 -48.0000038  250.979111  108.502007
 472 -48.0000038  241.295807  111.878502
 473 -48.0000038  244.126923  112.835213
 474 -48.0000038  246.958221  113.792007
 475 -48.0000038  238.267609  117.167107
 476 -48.0000038  240.602417  118.124496
 477 -48.0000038  242.93721  119.082008
 478 -48.0000038  235.161301  122.417297
 479 -48.0000038  237.038803  123.394608
 480 -48.0000038  238.916306  124.372009
 481  9.88854599  256.566223  81.4000015
 482  14.5277004  258.487823  81.4000015
 483  18.8091316  261.111511  81.4000015
 484  22.6274204  264.37262  81.4000015
 485  25.8885403  268.190918  81.4000015
 486  28.5122128  272.472321  81.4000015
 487  30.4338112  277.111511  81.4000015
 488  32.  287.  81.4000015
 489  32.  250.086105  81.4000015
 490  32.  255.000015  81.4000015
 491  48.0000038  233.283813  121.439903
 492  48.0000038  243.171509  100.183006
 493  48.0000038  250.086105  81.4000015
 494  48.0000038  255.000015  81.4000015
 495  48.0000038  255.000015  103.212013
 496  48.0000038  251.057098  102.202301
 497  48.0000038  247.114304  101.192711
 498  48.0000038  235.932816  116.209709
 499  48.0000038  238.4646  110.921707
 500  48.0000038  240.877914  105.578613
 501  48.0000038  245.63501  93.9811478
 502  48.0000038  255.000015  95.9412842
 503  48.0000038  247.940414  87.7188873
 504  48.0000038  255.000015  88.6707077
 505  5.33333349  233.283813  121.439903
 506  5.33333349  243.171509  100.183006
 507  5.33333349  250.086105  81.4000015
 508  5.33333349  251.057098  102.202301
 509  5.33333349  247.114304  101.192711
 510  5.33333349  235.932816  116.209709
 511  5.33333349  238.4646  110.921707
 512  5.33333349  240.877914  105.578613
 513  5.33333349  245.63501  93.9811478
 514  5.33333349  247.940414  87.7188873
 515  10.6666708  233.283813  121.439903
 516  10.6666708  243.171509  100.183006
 517  10.6666708  250.086105  81.4000015
 518  10.6666708  255.000015  81.4000015
 519  10.6666708  255.000015  103.212013
 520  10.6666708  251.057098  102.202301
 521  10.6666708  247.114304  101.192711
 522  10.6666708  235.932816  116.209709
 523  10.6666708  238.4646  110.921707
 524  10.6666708  240.877914  105.578613
 525  10.6666708  245.63501  93.9811478
 526  10.6666708  255.000015  95.9412842
 527  10.6666708  247.940414  87.7188873
 528  10.6666708  255.000015  88.6707077
 529  16.  233.283813  121.439903
 530  16.  243.171509  100.183006
 531  16.  250.086105  81.4000015
 532  16.  255.000015  81.4000015
 533  16.  255.000015  103.212013
 534  16.  251.057098  102.202301
 535  16.  247.114304  101.192711
 536  16.  235.932816  116.209709
 537  16.  238.4646  110.921707
 538  16.  240.877914  105.578613
 539  16.  245.63501  93.9811478
 540  16.  255.000015  95.9412842
 541  16.  247.940414  87.7188873
 542  16.  255.000015  88.6707077
 543  21.3333302  233.283813  121.439903
 544  21.3333302  243.171509  100.183006
 545  21.3333302  250.086105  81.4000015
 546  21.3333302  255.000015  81.4000015
 547  21.3333302  255.000015  103.212013
 548  21.3333302  251.057098  102.202301
 549  21.3333302  247.114304  101.192711
 550  21.3333302  235.932816  116.209709
 551  21.3333302  238.4646  110.921707
 552  21.3333302  240.877914  105.578613
 553  21.3333302  245.63501  93.9811478
 554  21.3333302  255.000015  95.9412842
 555  21.3333302  247.940414  87.7188873
 556  21.3333302  255.000015  88.6707077
 557  26.6666718  233.283813  121.439903
 558  26.6666718  243.171509  100.183006
 559  26.6666718  250.086105  81.4000015
 560  26.6666718  255.000015  81.4000015
 561  26.6666718  255.000015  103.212013
 562  26.6666718  251.057098  102.202301
 563  26.6666718  247.114304  101.192711
 564  26.6666718  235.932816  116.209709
 565  26.6666718  238.4646  110.921707
 566  26.6666718  240.877914  105.578613
 567  26.6666718  245.63501  93.9811478
 568  26.6666718  255.000015  95.9412842
 569  26.6666718  247.940414  87.7188873
 570  26.6666718  255.000015  88.6707077
 571  32.  233.283813  121.439903
 572  32.  243.171509  100.183006
 573  32.  255.000015  103.212013
 574  32.  251.057098  102.202301
 575  32.  247.114304  101.192711
 576  32.  235.932816  116.209709
 577  32.  238.4646  110.921707
 578  32.  240.877914  105.578613
 579  32.  245.63501  93.9811478
 580  32.  255.000015  95.9412842
 581  32.  247.940414  87.7188873
 582  32.  255.000015  88.6707077
 583  37.3333435  233.283813  121.439903
 584  37.3333435  243.171509  100.183006
 585  37.3333435  250.086105  81.4000015
 586  37.3333435  255.000015  81.4000015
 587  37.3333435  255.000015  103.212013
 588  37.3333435  251.057098  102.202301
 589  37.3333435  247.114304  101.192711
 590  37.3333435  235.932816  116.209709
 591  37.3333435  238.4646  110.921707
 592  37.3333435  240.877914  105.578613
 593  37.3333435  245.63501  93.9811478
 594  37.3333435  255.000015  95.9412842
 595  37.3333435  247.940414  87.7188873
 596  37.3333435  255.000015  88.6707077
 597  42.6666756  233.283813  121.439903
 598  42.6666756  243.171509  100.183006
 599  42.6666756  250.086105  81.4000015
 600  42.6666756  255.000015  81.4000015
 601  42.6666756  255.000015  103.212013
 602  42.6666756  251.057098  102.202301
 603  42.6666756  247.114304  101.192711
 604  42.6666756  235.932816  116.209709
 605  42.6666756  238.4646  110.921707
 606  42.6666756  240.877914  105.578613
 607  42.6666756  245.63501  93.9811478
 608  42.6666756  255.000015  95.9412842
 609  42.6666756  247.940414  87.7188873
 610  42.6666756  255.000015  88.6707077
 611  20.0712318  258.055817  81.4000015
 612  27.3137131  259.68631  81.3999939
 613  32.  260.333313  81.4000015
 614  37.3333435  260.333313  81.4000015
 615  42.6666756  260.333313  81.4000015
 616  48.0000038  260.333313  81.4000015
 617  32.  265.666687  81.4000015
 618  37.3333435  265.666687  81.4000015
 619  42.6666756  265.666687  81.4000015
 620  48.0000038  265.666687  81.4000015
 621  32.  271.  81.4000015
 622  37.3333435  271.  81.4000015
 623  42.6666756  271.  81.4000015
 624  48.0000038  271.  81.4000015
 625  32.  276.333313  81.4000015
 626  37.3333435  276.333313  81.4000015
 627  42.6666756  276.333313  81.4000015
 628  48.0000038  276.333313  81.4000015
 629  37.3333435  281.666687  81.4000015
 630  42.6666756  281.666687  81.4000015
 631  48.0000038  281.666687  81.4000015
 632  37.3333435  287.  81.4000015
 633  42.6666756  287.  81.4000015
 634  48.0000038  287.  81.4000015
 635  28.9442711  266.928833  81.3999939
 636  48.0000038  260.333313  101.335709
 637  48.0000038  260.333313  94.6904449
 638  48.0000038  260.333313  88.0452805
 639  48.0000038  265.666687  99.4593887
 640  48.0000038  265.666687  93.4395523
 641  48.0000038  265.666687  87.4198227
 642  48.0000038  271.  97.5830994
 643  48.0000038  271.  92.1887054
 644  48.0000038  271.  86.7943954
 645  48.0000038  276.333313  95.7068176
 646  48.0000038  276.333313  90.9378586
 647  48.0000038  276.333313  86.1689758
 648  48.0000038  281.666687  93.8304749
 649  42.6666756  287.  91.9542084
 650  42.6666756  260.333313  101.335709
 651  42.6666756  260.333313  94.6904449
 652  42.6666756  260.333313  88.0452805
 653  42.6666756  265.666687  99.4593887
 654  42.6666756  265.666687  93.4395523
 655  42.6666756  265.666687  87.4198227
 656  42.6666756  271.  97.5830994
 657  42.6666756  271.  92.1887054
 658  42.6666756  271.  86.7943954
 659  42.6666756  276.333313  95.7068176
 660  42.6666756  276.333313  90.9378586
 661  42.6666756  276.333313  86.1689758
 662  42.6666756  281.666687  93.8304749
 663  37.3333435  287.  91.9542084
 664  37.3333435  260.333313  101.335709
 665  37.3333435  260.333313  94.6904449
 666  37.3333435  260.333313  88.0452805
 667  37.3333435  265.666687  99.4593887
 668  37.3333435  265.666687  93.4395523
 669  37.3333435  265.666687  87.4198227
 670  37.3333435  271.  97.5830994
 671  37.3333435  271.  92.1887054
 672  37.3333435  271.  86.7943954
 673  37.3333435  276.333313  95.7068176
 674  37.3333435  276.333313  90.9378586
 675  37.3333435  276.333313  86.1689758
 676  37.3333435  281.666687  93.8304749
 677  32.  287.  91.9542084
 678  32.  260.333313  101.335709
 679  32.  260.333313  94.6904449
 680  32.  260.333313  88.0452805
 681  32.  265.666687  99.4593887
 682  32.  265.666687  93.4395523
 683  32.  265.666687  87.4198227
 684  32.  271.  97.5830994
 685  32.  271.  92.1887054
 686  32.  271.  86.7943954
 687  32.  276.333313  95.7068176
 688  32.  276.333313  90.9378586
 689  32.  276.333313  86.1689758
 690  48.0000038  287.  91.9542084
 691  48.0000038  281.666687  85.5435104
 692  48.0000038  287.  84.9180832
 693  48.0000038  281.666687  89.6869583
 694  48.0000038  287.  88.4361038
 695  42.6666756  281.666687  85.5435104
 696  42.6666756  287.  84.9180832
 697  42.6666756  281.666687  89.6869583
 698  42.6666756  287.  88.4361038
 699  37.3333435  281.666687  85.5435104
 700  37.3333435  287.  84.9180832
 701  37.3333435  281.666687  89.6869583
 702  37.3333435  287.  88.4361038
 703  31.6060314  281.99411  81.4000015
 704  31.6060314  281.99411  93.8304749
 705  31.6060314  281.99411  85.5435104
 706  32.  287.  84.9180832
 707  31.6060314  281.99411  89.6869583
 708  32.  287.  88.4361038
 709  30.4338112  277.111511  95.4330368
 710  30.4338112  277.111511  86.1689758
 711  30.4338112  277.111511  90.9378586
 712  28.5122128  272.472321  97.0651398
 713  28.5122128  272.472321  86.7943954
 714  28.5122128  272.472321  92.1887054
 715  28.9442711  266.928833  99.0153732
 716  28.9442711  266.928833  87.4198151
 717  28.9442711  266.928833  93.4395447
 718  25.8885403  268.190918  98.5713577
 719  25.8885403  268.190918  87.4198227
 720  25.8885403  268.190918  93.4395523
 721  27.3137131  259.68631  101.563301
 722  27.3137131  259.68631  88.0452805
 723  27.3137131  259.68631  94.6904373
 724  20.0712318  258.055817  102.137001
 725  20.0712318  258.055817  88.6707077
 726  20.0712318  258.055817  95.9412842
 727  9.88854599  256.566223  102.661003
 728  9.88854599  256.566223  88.6707077
 729  9.88854599  256.566223  95.9412842
 730  14.5277004  258.487823  101.985008
 731  14.5277004  258.487823  88.6707077
 732  14.5277004  258.487823  95.9412842
 733  18.8091316  261.111511  101.061897
 734  18.8091316  261.111511  88.6707077
 735  18.8091316  261.111511  95.9412842
 736  22.6274204  264.37262  99.9146576
 737  22.6274204  264.37262  88.0452881
 738  22.6274204  264.37262  94.6904449
 739  5.33333349  255.000015  103.212013
 740  5.33333349  255.000015  95.9412842
 741  5.33333349  255.000015  88.6707077
 742  5.33333349  251.878311  95.2879105
 743  5.33333349  248.756714  94.6345291
 744  5.33333349  251.470215  88.1947861
 745  5.33333349  255.000015  81.3999939
 746  5.33333349  252.543015  81.3999939
 747  10.6666708  251.878311  95.2879105
 748  10.6666708  248.756714  94.6345291
 749  10.6666708  251.470215  88.1947861
 750  10.6666708  252.543015  81.3999939
 751  16.  251.878311  95.2879105
 752  16.  248.756714  94.6345291
 753  16.  251.470215  88.1947861
 754  16.  252.543015  81.3999939
 755  21.3333302  251.878311  95.2879105
 756  21.3333302  248.756714  94.6345291
 757  21.3333302  251.470215  88.1947861
 758  21.3333302  252.543015  81.3999939
 759  26.6666718  251.878311  95.2879105
 760  26.6666718  248.756714  94.6345291
 761  26.6666718  251.470215  88.1947861
 762  26.6666718  252.543015  81.3999939
 763  32.  251.878311  95.2879105
 764  32.  248.756714  94.6345291
 765  32.  251.470215  88.1947861
 766  32.  252.543015  81.3999939
 767  37.3333435  251.878311  95.2879105
 768  37.3333435  248.756714  94.6345291
 769  37.3333435  251.470215  88.1947861
 770  37.3333435  252.543015  81.3999939
 771  42.6666756  251.878311  95.2879105
 772  42.6666756  248.756714  94.6345291
 773  42.6666756  251.470215  88.1947861
 774  42.6666756  252.543015  81.3999939
 775  48.0000038  251.878311  95.2879105
 776  48.0000038  248.756714  94.6345291
 777  48.0000038  251.470215  88.1947861
 778  48.0000038  252.543015  81.3999939
 779  32.  317.  81.4000015
 780  32.  311.  81.4000015
 781  32.  305.  81.3999939
 782  32.  299.  81.3999939
 783  32.  293.  81.4000015
 784  48.0000038  317.  81.4000015
 785  37.3333626  317.  81.3999939
 786  42.6666412  317.  81.3999939
 787  37.3333626  311.  81.3999939
 788  42.6666412  311.  81.4000015
 789  48.0000038  311.  81.4000015
 790  37.3333626  305.  81.3999786
 791  42.6666412  305.  81.3999939
 792  48.0000038  305.  81.3999939
 793  37.3333626  299.  81.3999939
 794  42.6666412  299.  81.4000015
 795  48.0000038  299.  81.3999939
 796  37.3333626  293.  81.3999939
 797  42.6666412  293.  81.4000015
 798  48.0000038  293.  81.4000015
 799  48.0000038  311.  83.510849
 800  48.0000038  305.  85.6216736
 801  48.0000038  299.  87.7325363
 802  48.0000038  299.  84.5662613
 803  48.0000153  293.000122  89.8433838
 804  48.0000038  293.  85.6216812
 805  42.6666756  311.  83.510849
 806  42.6666756  305.  85.6216736
 807  42.6666756  299.  87.7325363
 808  42.6666756  299.  84.5662613
 809  42.6666832  293.000122  89.8433838
 810  42.6666756  293.  85.6216812
 811  37.3333435  311.  83.510849
 812  37.3333435  305.  85.6216736
 813  37.3333435  299.  87.7325363
 814  37.3333435  299.  84.5662613
 815  37.3333549  293.000122  89.8433838
 816  37.3333435  293.  85.6216812
 817  32.  311.  83.510849
 818  32.  305.  85.6216736
 819  32.  299.  87.7325363
 820  32.  299.  84.5662613
 821  32.0000114  293.000122  89.8433838
 822  32.  293.  85.6216812
 823  5.33333349  244.244919  106.553108
 824  5.33333349  247.612015  107.527496
 825  5.33333349  250.979111  108.502007
 826  5.33333349  241.295807  111.878502
 827  5.33333349  244.126923  112.835213
 828  5.33333349  246.958221  113.792007
 829  5.33333349  238.267609  117.167107
 830  5.33333349  240.602417  118.124496
 831  5.33333349  242.93721  119.082008
 832  5.33333349  235.161301  122.417297
 833  5.33333349  237.038803  123.394608
 834  5.33333349  238.916306  124.372009
 835  10.6666708  244.244919  106.553108
 836  10.6666708  247.612015  107.527496
 837  10.6666708  250.979111  108.502007
 838  10.6666708  241.295807  111.878502
 839  10.6666708  244.126923  112.835213
 840  10.6666708  246.958221  113.792007
 841  10.6666708  238.267609  117.167107
 842  10.6666708  240.602417  118.124496
 843  10.6666708  242.93721  119.082008
 844  10.6666708  235.161301  122.417297
 845  10.6666708  237.038803  123.394608
 846  10.6666708  238.916306  124.372009
 847  16.  244.244919  106.553108
 848  16.  247.612015  107.527496
 849  16.  250.979111  108.502007
 850  16.  241.295807  111.878502
 851  16.  244.126923  112.835213
 852  16.  246.958221  113.792007
 853  16.  238.267609  117.167107
 854  16.  240.602417  118.124496
 855  16.  242.93721  119.082008
 856  16.  235.161301  122.417297
 857  16.  237.038803  123.394608
 858  16.  238.916306  124.372009
 859  21.3333302  244.244919  106.553108
 860  21.3333302  247.612015  107.527496
 861  21.3333302  250.979111  108.502007
 862  21.3333302  241.295807  111.878502
 863  21.3333302  244.126923  112.835213
 864  21.3333302  246.958221  113.792007
 865  21.3333302  238.267609  117.167107
 866  21.3333302  240.602417  118.124496
 867  21.3333302  242.93721  119.082008
 868  21.3333302  235.161301  122.417297
 869  21.3333302  237.038803  123.394608
 870  21.3333302  238.916306  124.372009
 871  26.6666718  244.244919  106.553108
 872  26.6666718  247.612015  107.527496
 873  26.6666718  250.979111  108.502007
 874  26.6666718  241.295807  111.878502
 875  26.6666718  244.126923  112.835213
 876  26.6666718  246.958221  113.792007
 877  26.6666718  238.267609  117.167107
 878  26.6666718  240.602417  118.124496
 879  26.6666718  242.93721  119.082008
 880  26.6666718  235.161301  122.417297
 881  26.6666718  237.038803  123.394608
 882  26.6666718  238.916306  124.372009
 883  32.  244.244919  106.553108
 884  32.  247.612015  107.527496
 885  32.  250.979111  108.502007
 886  32.  241.295807  111.878502
 887  32.  244.126923  112.835213
 888  32.  246.958221  113.792007
 889  32.  238.267609  117.167107
 890  32.  240.602417  118.124496
 891  32.  242.93721  119.082008
 892  32.  235.161301  122.417297
 893  32.  237.038803  123.394608
 894  32.  238.916306  124.372009
 895  37.3333435  244.244919  106.553108
 896  37.3333435  247.612015  107.527496
 897  37.3333435  250.979111  108.502007
 898  37.3333435  241.295807  111.878502
 899  37.3333435  244.126923  112.835213
 900  37.3333435  246.958221  113.792007
 901  37.3333435  238.267609  117.167107
 902  37.3333435  240.602417  118.124496
 903  37.3333435  242.93721  119.082008
 904  37.3333435  235.161301  122.417297
 905  37.3333435  237.038803  123.394608
 906  37.3333435  238.916306  124.372009
 907  42.6666756  244.244919  106.553108
 908  42.6666756  247.612015  107.527496
 909  42.6666756  250.979111  108.502007
 910  42.6666756  241.295807  111.878502
 911  42.6666756  244.126923  112.835213
 912  42.6666756  246.958221  113.792007
 913  42.6666756  238.267609  117.167107
 914  42.6666756  240.602417  118.124496
 915  42.6666756  242.93721  119.082008
 916  42.6666756  235.161301  122.417297
 917  42.6666756  237.038803  123.394608
 918  42.6666756  238.916306  124.372009
 919  48.0000038  244.244919  106.553108
 920  48.0000038  247.612015  107.527496
 921  48.0000038  250.979111  108.502007
 922  48.0000038  241.295807  111.878502
 923  48.0000038  244.126923  112.835213
 924  48.0000038  246.958221  113.792007
 925  48.0000038  238.267609  117.167107
 926  48.0000038  240.602417  118.124496
 927  48.0000038  242.93721  119.082008
 928  48.0000038  235.161301  122.417297
 929  48.0000038  237.038803  123.394608
 930  48.0000038  238.916306  124.372009
 1 308 147 169 35 25 146 183 141 131
 2 308 151 172 169 147 150 186 183 146
 3 308 155 175 172 151 154 189 186 150
 4 308 159 178 175 155 158 192 189 154
 5 308 162 222 178 159 161 226 192 158
 6 308 165 223 222 162 164 227 226 161
 7 308 169 168 33 35 183 182 139 141
 8 308 172 171 168 169 186 185 182 183
 9 308 175 174 171 172 189 188 185 186
 10 308 178 177 174 175 192 191 188 189
 11 308 222 224 177 178 226 228 191 192
 12 308 223 225 224 222 227 229 228 226
 13 308 168 167 26 33 182 181 132 139
 14 308 171 170 167 168 185 184 181 182
 15 308 174 173 170 171 188 187 184 185
 16 308 177 176 173 174 191 190 187 188
 17 308 224 179 176 177 228 193 190 191
 18 308 225 221 179 224 229 180 193 228
 19 308 146 183 141 131 145 197 127 117
 20 308 150 186 183 146 149 200 197 145
 21 308 154 189 186 150 153 203 200 149
 22 308 158 192 189 154 157 206 203 153
 23 308 161 226 192 158 160 230 206 157
 24 308 164 227 226 161 163 231 230 160
 25 308 183 182 139 141 197 196 125 127
 26 308 186 185 182 183 200 199 196 197
 27 308 189 188 185 186 203 202 199 200
 28 308 192 191 188 189 206 205 202 203
 29 308 226 228 191 192 230 232 205 206
 30 308 227 229 228 226 231 233 232 230
 31 308 182 181 132 139 196 195 118 125
 32 308 185 184 181 182 199 198 195 196
 33 308 188 187 184 185 202 201 198 199
 34 308 191 190 187 188 205 204 201 202
 35 308 228 193 190 191 232 207 204 205
 36 308 229 180 193 228 233 194 207 232
 37 308 145 197 127 117 144 211 113 21
 38 308 149 200 197 145 148 214 211 144
 39 308 153 203 200 149 152 217 214 148
 40 308 157 206 203 153 156 220 217 152
 41 308 160 230 206 157 234 236 220 156
 42 308 163 231 230 160 19 237 236 234
 43 308 197 196 125 127 211 210 111 113
 44 308 200 199 196 197 214 213 210 211
 45 308 203 202 199 200 217 216 213 214
 46 308 206 205 202 203 220 219 216 217
 47 308 230 232 205 206 236 238 219 220
 48 308 231 233 232 230 237 239 238 236
 49 308 196 195 118 125 210 209 104 111
 50 308 199 198 195 196 213 212 209 210
 51 308 202 201 198 199 216 215 212 213
 52 308 205 204 201 202 219 218 215 216
 53 308 232 207 204 205 238 235 218 219
 54 308 233 194 207 232 239 208 235 238
 55 306 241 220 236 18 156 234
 56 306 242 219 238 241 220 236
 57 306 240 218 235 242 219 238
 58 308 244 217 220 241 17 152 156 18
 59 308 245 216 219 242 244 217 220 241
 60 308 243 215 218 240 245 216 219 242
 61 306 152 148 166 217 214 247
 62 306 248 213 216 247 214 217
 63 306 246 212 215 248 213 216
 64 308 247 217 244 250 166 152 17 16
 65 308 248 216 245 251 247 217 244 250
 66 308 246 215 243 249 248 216 245 251
 67 308 148 144 143 166 214 211 253 247
 68 308 248 254 210 213 247 253 211 214
 69 308 246 252 209 212 248 254 210 213
 70 308 253 256 87 101 143 142 77 91
 71 308 254 257 85 99 253 256 87 101
 72 308 252 255 78 92 254 257 85 99
 73 306 87 256 73 77 142 63
 74 306 85 257 71 87 256 73
 75 306 78 255 64 85 257 71
 76 306 12 49 282 259 59 278
 77 306 277 57 260 278 59 259
 78 306 276 50 258 277 57 260
 79 308 73 262 259 59 63 13 12 49
 80 308 71 263 260 57 73 262 259 59
 81 308 64 261 258 50 71 263 260 57
 82 308 256 265 262 73 142 14 13 63
 83 308 257 266 263 71 256 265 262 73
 84 308 255 264 261 64 257 266 263 71
 85 308 256 253 268 265 142 143 15 14
 86 308 257 254 269 266 256 253 268 265
 87 308 255 252 267 264 257 254 269 266
 88 308 253 247 250 268 143 166 16 15
 89 308 254 248 251 269 253 247 250 268
 90 308 252 246 249 267 254 248 251 269
 91 308 279 277 276 39 270 9 1 3
 92 308 280 279 39 40 271 270 3 4
 93 308 44 280 40 37 8 271 4 2
 94 308 281 278 277 279 272 11 9 270
 95 306 281 279 280 272 270 271
 96 308 45 281 280 44 10 272 271 8
 97 308 283 282 278 281 273 274 11 272
 98 308 38 283 281 45 275 273 272 10
 99 308 284 57 50 51 279 277 276 39
 100 308 285 284 51 52 280 279 39 40
 101 308 56 285 52 47 44 280 40 37
 102 308 286 59 57 284 281 278 277 279
 103 306 286 284 285 281 279 280
 104 308 58 286 285 56 45 281 280 44
 105 308 287 49 59 286 283 282 278 281
 106 308 48 287 286 58 38 283 281 45
 107 308 288 71 64 65 284 57 50 51
 108 308 289 288 65 66 285 284 51 52
 109 308 70 289 66 61 56 285 52 47
 110 308 290 73 71 288 286 59 57 284
 111 306 290 288 289 286 284 285
 112 308 72 290 289 70 58 286 285 56
 113 308 291 63 73 290 287 49 59 286
 114 308 62 291 290 72 48 287 286 58
 115 308 292 85 78 79 288 71 64 65
 116 308 293 292 79 80 289 288 65 66
 117 308 84 293 80 75 70 289 66 61
 118 308 294 87 85 292 290 73 71 288
 119 306 294 292 293 290 288 289
 120 308 86 294 293 84 72 290 289 70
 121 308 295 77 87 294 291 63 73 290
 122 308 76 295 294 86 62 291 290 72
 123 308 296 99 92 93 292 85 78 79
 124 308 297 296 93 94 293 292 79 80
 125 308 98 297 94 89 84 293 80 75
 126 308 298 101 99 296 294 87 85 292
 127 306 298 296 297 294 292 293
 128 308 100 298 297 98 86 294 293 84
 129 308 299 91 101 298 295 77 87 294
 130 308 90 299 298 100 76 295 294 86
 131 308 300 111 104 105 296 99 92 93
 132 308 301 300 105 106 297 296 93 94
 133 308 110 301 106 103 98 297 94 89
 134 308 302 113 111 300 298 101 99 296
 135 306 302 300 301 298 296 297
 136 308 112 302 301 110 100 298 297 98
 137 308 303 21 113 302 299 91 101 298
 138 308 20 303 302 112 90 299 298 100
 139 308 304 125 118 119 300 111 104 105
 140 308 305 304 119 120 301 300 105 106
 141 308 124 305 120 115 110 301 106 103
 142 308 306 127 125 304 302 113 111 300
 143 306 306 304 305 302 300 301
 144 308 126 306 305 124 112 302 301 110
 145 308 307 117 127 306 303 21 113 302
 146 308 116 307 306 126 20 303 302 112
 147 308 308 139 132 133 304 125 118 119
 148 308 309 308 133 134 305 304 119 120
 149 308 138 309 134 129 124 305 120 115
 150 308 310 141 139 308 306 127 125 304
 151 306 310 308 309 306 304 305
 152 308 140 310 309 138 126 306 305 124
 153 308 311 131 141 310 307 117 127 306
 154 308 130 311 310 140 116 307 306 126
 155 308 312 33 26 27 308 139 132 133
 156 308 313 312 27 28 309 308 133 134
 157 308 32 313 28 23 138 309 134 129
 158 308 314 35 33 312 310 141 139 308
 159 306 314 312 313 310 308 309
 160 308 34 314 313 32 140 310 309 138
 161 308 315 25 35 314 311 131 141 310
 162 308 24 315 314 34 130 311 310 140
 163 308 113 211 253 101 21 144 143 91
 164 308 111 210 254 99 113 211 253 101
 165 308 92 104 209 252 99 111 210 254
 166 306 336 326 321 342 325 323
 167 308 326 336 337 329 325 342 343 328
 168 308 329 337 338 339 328 343 344 345
 169 306 329 339 332 328 345 331
 170 308 339 338 340 341 345 344 346 347
 171 308 332 339 341 335 331 345 347 334
 172 308 341 340 221 225 347 346 180 229
 173 308 335 341 225 223 334 347 229 227
 174 306 335 223 165 334 227 164
 175 306 342 325 323 348 324 322
 176 308 325 342 343 328 324 348 349 327
 177 308 328 343 344 345 327 349 350 351
 178 306 328 345 331 327 351 330
 179 308 345 344 346 347 351 350 352 353
 180 308 331 345 347 334 330 351 353 333
 181 308 347 346 180 229 353 352 194 233
 182 308 334 347 229 227 333 353 233 231
 183 306 334 227 164 333 231 163
 184 306 348 324 322 354 317 316
 185 308 324 348 349 327 317 354 355 318
 186 308 327 349 350 351 318 355 356 357
 187 306 327 351 330 318 357 319
 188 308 351 350 352 353 357 356 358 359
 189 308 330 351 353 333 319 357 359 320
 190 308 353 352 194 233 359 358 208 239
 191 308 333 353 233 231 320 359 239 237
 192 306 333 231 163 320 237 19
 193 308 379 382 36 41 366 369 372 5
 194 308 380 383 382 379 367 370 369 366
 195 308 381 384 383 380 368 371 370 367
 196 308 376 379 41 42 363 366 5 6
 197 308 377 380 379 376 364 367 366 363
 198 308 378 381 380 377 365 368 367 364
 199 308 373 376 42 43 360 363 6 7
 200 308 374 377 376 373 361 364 363 360
 201 308 375 378 377 374 362 365 364 361
 202 308 40 373 43 37 4 360 7 2
 203 308 39 374 373 40 3 361 360 4
 204 308 276 375 374 39 1 362 361 3
 205 308 391 394 46 53 379 382 36 41
 206 308 392 395 394 391 380 383 382 379
 207 308 393 396 395 392 381 384 383 380
 208 308 388 391 53 54 376 379 41 42
 209 308 389 392 391 388 377 380 379 376
 210 308 390 393 392 389 378 381 380 377
 211 308 385 388 54 55 373 376 42 43
 212 308 386 389 388 385 374 377 376 373
 213 308 387 390 389 386 375 378 377 374
 214 308 52 385 55 47 40 373 43 37
 215 308 51 386 385 52 39 374 373 40
 216 308 50 387 386 51 276 375 374 39
 217 308 403 406 60 67 391 394 46 53
 218 308 404 407 406 403 392 395 394 391
 219 308 405 408 407 404 393 396 395 392
 220 308 400 403 67 68 388 391 53 54
 221 308 401 404 403 400 389 392 391 388
 222 308 402 405 404 401 390 393 392 389
 223 308 397 400 68 69 385 388 54 55
 224 308 398 401 400 397 386 389 388 385
 225 308 399 402 401 398 387 390 389 386
 226 308 66 397 69 61 52 385 55 47
 227 308 65 398 397 66 51 386 385 52
 228 308 64 399 398 65 50 387 386 51
 229 308 415 418 74 81 403 406 60 67
 230 308 416 419 418 415 404 407 406 403
 231 308 417 420 419 416 405 408 407 404
 232 308 412 415 81 82 400 403 67 68
 233 308 413 416 415 412 401 404 403 400
 234 308 414 417 416 413 402 405 404 401
 235 308 409 412 82 83 397 400 68 69
 236 308 410 413 412 409 398 401 400 397
 237 308 411 414 413 410 399 402 401 398
 238 308 80 409 83 75 66 397 69 61
 239 308 79 410 409 80 65 398 397 66
 240 308 78 411 410 79 64 399 398 65
 241 308 427 430 88 95 415 418 74 81
 242 308 428 431 430 427 416 419 418 415
 243 308 429 432 431 428 417 420 419 416
 244 308 424 427 95 96 412 415 81 82
 245 308 425 428 427 424 413 416 415 412
 246 308 426 429 428 425 414 417 416 413
 247 308 421 424 96 97 409 412 82 83
 248 308 422 425 424 421 410 413 412 409
 249 308 423 426 425 422 411 414 413 410
 250 308 94 421 97 89 80 409 83 75
 251 308 93 422 421 94 79 410 409 80
 252 308 92 423 422 93 78 411 410 79
 253 308 439 442 102 107 427 430 88 95
 254 308 440 443 442 439 428 431 430 427
 255 308 441 444 443 440 429 432 431 428
 256 308 436 439 107 108 424 427 95 96
 257 308 437 440 439 436 425 428 427 424
 258 308 438 441 440 437 426 429 428 425
 259 308 433 436 108 109 421 424 96 97
 260 308 434 437 436 433 422 425 424 421
 261 308 435 438 437 434 423 426 425 422
 262 308 106 433 109 103 94 421 97 89
 263 308 105 434 433 106 93 422 421 94
 264 308 104 435 434 105 92 423 422 93
 265 308 451 454 114 121 439 442 102 107
 266 308 452 455 454 451 440 443 442 439
 267 308 453 456 455 452 441 444 443 440
 268 308 448 451 121 122 436 439 107 108
 269 308 449 452 451 448 437 440 439 436
 270 308 450 453 452 449 438 441 440 437
 271 308 445 448 122 123 433 436 108 109
 272 308 446 449 448 445 434 437 436 433
 273 308 447 450 449 446 435 438 437 434
 274 308 120 445 123 115 106 433 109 103
 275 308 119 446 445 120 105 434 433 106
 276 308 118 447 446 119 104 435 434 105
 277 308 463 466 128 135 451 454 114 121
 278 308 464 467 466 463 452 455 454 451
 279 308 465 468 467 464 453 456 455 452
 280 308 460 463 135 136 448 451 121 122
 281 308 461 464 463 460 449 452 451 448
 282 308 462 465 464 461 450 453 452 449
 283 308 457 460 136 137 445 448 122 123
 284 308 458 461 460 457 446 449 448 445
 285 308 459 462 461 458 447 450 449 446
 286 308 134 457 137 129 120 445 123 115
 287 308 133 458 457 134 119 446 445 120
 288 308 132 459 458 133 118 447 446 119
 289 308 475 478 22 29 463 466 128 135
 290 308 476 479 478 475 464 467 466 463
 291 308 477 480 479 476 465 468 467 464
 292 308 472 475 29 30 460 463 135 136
 293 308 473 476 475 472 461 464 463 460
 294 308 474 477 476 473 462 465 464 461
 295 308 469 472 30 31 457 460 136 137
 296 308 470 473 472 469 458 461 460 457
 297 308 471 474 473 470 459 462 461 458
 298 308 28 469 31 23 134 457 137 129
 299 308 27 470 469 28 133 458 457 134
 300 308 26 471 470 27 132 459 458 133
 301 308 615 652 610 600 616 638 504 494
 302 308 619 655 652 615 620 641 638 616
 303 308 623 658 655 619 624 644 641 620
 304 308 627 661 658 623 628 647 644 624
 305 308 630 695 661 627 631 691 647 628
 306 308 633 696 695 630 634 692 691 631
 307 308 652 651 608 610 638 637 502 504
 308 308 655 654 651 652 641 640 637 638
 309 308 658 657 654 655 644 643 640 641
 310 308 661 660 657 658 647 646 643 644
 311 308 695 697 660 661 691 693 646 647
 312 308 696 698 697 695 692 694 693 691
 313 308 651 650 601 608 637 636 495 502
 314 308 654 653 650 651 640 639 636 637
 315 308 657 656 653 654 643 642 639 640
 316 308 660 659 656 657 646 645 642 643
 317 308 697 662 659 660 693 648 645 646
 318 308 698 649 662 697 694 690 648 693
 319 308 614 666 596 586 615 652 610 600
 320 308 618 669 666 614 619 655 652 615
 321 308 622 672 669 618 623 658 655 619
 322 308 626 675 672 622 627 661 658 623
 323 308 629 699 675 626 630 695 661 627
 324 308 632 700 699 629 633 696 695 630
 325 308 666 665 594 596 652 651 608 610
 326 308 669 668 665 666 655 654 651 652
 327 308 672 671 668 669 658 657 654 655
 328 308 675 674 671 672 661 660 657 658
 329 308 699 701 674 675 695 697 660 661
 330 308 700 702 701 699 696 698 697 695
 331 308 665 664 587 594 651 650 601 608
 332 308 668 667 664 665 654 653 650 651
 333 308 671 670 667 668 657 656 653 654
 334 308 674 673 670 671 660 659 656 657
 335 308 701 676 673 674 697 662 659 660
 336 308 702 663 676 701 698 649 662 697
 337 308 613 680 582 490 614 666 596 586
 338 308 617 683 680 613 618 669 666 614
 339 308 621 686 683 617 622 672 669 618
 340 308 625 689 686 621 626 675 672 622
 341 308 703 705 689 625 629 699 675 626
 342 308 488 706 705 703 632 700 699 629
 343 308 680 679 580 582 666 665 594 596
 344 308 683 682 679 680 669 668 665 666
 345 308 686 685 682 683 672 671 668 669
 346 308 689 688 685 686 675 674 671 672
 347 308 705 707 688 689 699 701 674 675
 348 308 706 708 707 705 700 702 701 699
 349 308 679 678 573 580 665 664 587 594
 350 308 682 681 678 679 668 667 664 665
 351 308 685 684 681 682 671 670 667 668
 352 308 688 687 684 685 674 673 670 671
 353 308 707 704 687 688 701 676 673 674
 354 308 708 677 704 707 702 663 676 701
 355 306 705 689 710 703 625 487
 356 306 710 689 705 711 688 707
 357 306 711 688 707 709 687 704
 358 308 710 689 686 713 487 625 621 486
 359 308 713 686 689 710 714 685 688 711
 360 308 714 685 688 711 712 684 687 709
 361 306 686 683 716 621 617 635
 362 306 716 683 686 717 682 685
 363 306 717 682 685 715 681 684
 364 308 635 621 486 485 716 686 713 719
 365 308 716 686 713 719 717 685 714 720
 366 308 717 685 714 720 715 684 712 718
 367 308 683 680 722 716 617 613 612 635
 368 308 716 722 680 683 717 723 679 682
 369 308 717 723 679 682 715 721 678 681
 370 308 612 611 546 560 722 725 556 570
 371 308 722 725 556 570 723 726 554 568
 372 308 723 726 554 568 721 724 547 561
 373 306 542 725 556 532 611 546
 374 306 540 726 554 542 725 556
 375 306 533 724 547 540 726 554
 376 306 728 528 741 481 518 745
 377 306 729 526 740 728 528 741
 378 306 727 519 739 729 526 740
 379 308 528 728 731 542 518 481 482 532
 380 308 526 729 732 540 528 728 731 542
 381 308 519 727 730 533 526 729 732 540
 382 308 542 731 734 725 532 482 483 611
 383 308 540 732 735 726 542 731 734 725
 384 308 533 730 733 724 540 732 735 726
 385 308 611 612 484 483 725 722 737 734
 386 308 725 722 737 734 726 723 738 735
 387 308 726 723 738 735 724 721 736 733
 388 308 612 635 485 484 722 716 719 737
 389 308 722 716 719 737 723 717 720 738
 390 308 723 717 720 738 721 715 718 736
 391 308 270 9 1 3 742 740 739 508
 392 308 271 270 3 4 743 742 508 509
 393 308 8 271 4 2 513 743 509 506
 394 308 272 11 9 270 744 741 740 742
 395 306 272 270 271 744 742 743
 396 308 10 272 271 8 514 744 743 513
 397 308 273 274 11 272 746 745 741 744
 398 308 275 273 272 10 507 746 744 514
 399 308 742 740 739 508 747 526 519 520
 400 308 743 742 508 509 748 747 520 521
 401 308 513 743 509 506 525 748 521 516
 402 308 744 741 740 742 749 528 526 747
 403 306 744 742 743 749 747 748
 404 308 514 744 743 513 527 749 748 525
 405 308 746 745 741 744 750 518 528 749
 406 308 507 746 744 514 517 750 749 527
 407 308 747 526 519 520 751 540 533 534
 408 308 748 747 520 521 752 751 534 535
 409 308 525 748 521 516 539 752 535 530
 410 308 749 528 526 747 753 542 540 751
 411 306 749 747 748 753 751 752
 412 308 527 749 748 525 541 753 752 539
 413 308 750 518 528 749 754 532 542 753
 414 308 517 750 749 527 531 754 753 541
 415 308 751 540 533 534 755 554 547 548
 416 308 752 751 534 535 756 755 548 549
 417 308 539 752 535 530 553 756 549 544
 418 308 753 542 540 751 757 556 554 755
 419 306 753 751 752 757 755 756
 420 308 541 753 752 539 555 757 756 553
 421 308 754 532 542 753 758 546 556 757
 422 308 531 754 753 541 545 758 757 555
 423 308 755 554 547 548 759 568 561 562
 424 308 756 755 548 549 760 759 562 563
 425 308 553 756 549 544 567 760 563 558
 426 308 757 556 554 755 761 570 568 759
 427 306 757 755 756 761 759 760
 428 308 555 757 756 553 569 761 760 567
 429 308 758 546 556 757 762 560 570 761
 430 308 545 758 757 555 559 762 761 569
 431 308 759 568 561 562 763 580 573 574
 432 308 760 759 562 563 764 763 574 575
 433 308 567 760 563 558 579 764 575 572
 434 308 761 570 568 759 765 582 580 763
 435 306 761 759 760 765 763 764
 436 308 569 761 760 567 581 765 764 579
 437 308 762 560 570 761 766 490 582 765
 438 308 559 762 761 569 489 766 765 581
 439 308 763 580 573 574 767 594 587 588
 440 308 764 763 574 575 768 767 588 589
 441 308 579 764 575 572 593 768 589 584
 442 308 765 582 580 763 769 596 594 767
 443 306 765 763 764 769 767 768
 444 308 581 765 764 579 595 769 768 593
 445 308 766 490 582 765 770 586 596 769
 446 308 489 766 765 581 585 770 769 595
 447 308 767 594 587 588 771 608 601 602
 448 308 768 767 588 589 772 771 602 603
 449 308 593 768 589 584 607 772 603 598
 450 308 769 596 594 767 773 610 608 771
 451 306 769 767 768 773 771 772
 452 308 595 769 768 593 609 773 772 607
 453 308 770 586 596 769 774 600 610 773
 454 308 585 770 769 595 599 774 773 609
 455 308 771 608 601 602 775 502 495 496
 456 308 772 771 602 603 776 775 496 497
 457 308 607 772 603 598 501 776 497 492
 458 308 773 610 608 771 777 504 502 775
 459 306 773 771 772 777 775 776
 460 308 609 773 772 607 503 777 776 501
 461 308 774 600 610 773 778 494 504 777
 462 308 599 774 773 609 493 778 777 503
 463 308 570 722 680 582 560 612 613 490
 464 308 568 723 679 580 570 722 680 582
 465 308 721 678 573 561 723 679 580 568
 466 306 805 788 786 799 789 784
 467 308 788 805 806 791 789 799 800 792
 468 308 791 806 807 808 792 800 801 802
 469 306 791 808 794 792 802 795
 470 308 808 807 809 810 802 801 803 804
 471 308 794 808 810 797 795 802 804 798
 472 308 810 809 649 698 804 803 690 694
 473 308 797 810 698 696 798 804 694 692
 474 306 797 696 633 798 692 634
 475 306 811 787 785 805 788 786
 476 308 787 811 812 790 788 805 806 791
 477 308 790 812 813 814 791 806 807 808
 478 306 790 814 793 791 808 794
 479 308 814 813 815 816 808 807 809 810
 480 308 793 814 816 796 794 808 810 797
 481 308 816 815 663 702 810 809 649 698
 482 308 796 816 702 700 797 810 698 696
 483 306 796 700 632 797 696 633
 484 306 817 780 779 811 787 785
 485 308 780 817 818 781 787 811 812 790
 486 308 781 818 819 820 790 812 813 814
 487 306 781 820 782 790 814 793
 488 308 820 819 821 822 814 813 815 816
 489 308 782 820 822 783 793 814 816 796
 490 308 822 821 677 708 816 815 663 702
 491 308 783 822 708 706 796 816 702 700
 492 306 783 706 488 796 700 632
 493 308 366 369 372 5 829 832 505 510
 494 308 367 370 369 366 830 833 832 829
 495 308 368 371 370 367 831 834 833 830
 496 308 363 366 5 6 826 829 510 511
 497 308 364 367 366 363 827 830 829 826
 498 308 365 368 367 364 828 831 830 827
 499 308 360 363 6 7 823 826 511 512
 500 308 361 364 363 360 824 827 826 823
 501 308 362 365 364 361 825 828 827 824
 502 308 4 360 7 2 509 823 512 506
 503 308 3 361 360 4 508 824 823 509
 504 308 1 362 361 3 739 825 824 508
 505 308 829 832 505 510 841 844 515 522
 506 308 830 833 832 829 842 845 844 841
 507 308 831 834 833 830 843 846 845 842
 508 308 826 829 510 511 838 841 522 523
 509 308 827 830 829 826 839 842 841 838
 510 308 828 831 830 827 840 843 842 839
 511 308 823 826 511 512 835 838 523 524
 512 308 824 827 826 823 836 839 838 835
 513 308 825 828 827 824 837 840 839 836
 514 308 509 823 512 506 521 835 524 516
 515 308 508 824 823 509 520 836 835 521
 516 308 739 825 824 508 519 837 836 520
 517 308 841 844 515 522 853 856 529 536
 518 308 842 845 844 841 854 857 856 853
 519 308 843 846 845 842 855 858 857 854
 520 308 838 841 522 523 850 853 536 537
 521 308 839 842 841 838 851 854 853 850
 522 308 840 843 842 839 852 855 854 851
 523 308 835 838 523 524 847 850 537 538
 524 308 836 839 838 835 848 851 850 847
 525 308 837 840 839 836 849 852 851 848
 526 308 521 835 524 516 535 847 538 530
 527 308 520 836 835 521 534 848 847 535
 528 308 519 837 836 520 533 849 848 534
 529 308 853 856 529 536 865 868 543 550
 530 308 854 857 856 853 866 869 868 865
 531 308 855 858 857 854 867 870 869 866
 532 308 850 853 536 537 862 865 550 551
 533 308 851 854 853 850 863 866 865 862
 534 308 852 855 854 851 864 867 866 863
 535 308 847 850 537 538 859 862 551 552
 536 308 848 851 850 847 860 863 862 859
 537 308 849 852 851 848 861 864 863 860
 538 308 535 847 538 530 549 859 552 544
 539 308 534 848 847 535 548 860 859 549
 540 308 533 849 848 534 547 861 860 548
 541 308 865 868 543 550 877 880 557 564
 542 308 866 869 868 865 878 881 880 877
 543 308 867 870 869 866 879 882 881 878
 544 308 862 865 550 551 874 877 564 565
 545 308 863 866 865 862 875 878 877 874
 546 308 864 867 866 863 876 879 878 875
 547 308 859 862 551 552 871 874 565 566
 548 308 860 863 862 859 872 875 874 871
 549 308 861 864 863 860 873 876 875 872
 550 308 549 859 552 544 563 871 566 558
 551 308 548 860 859 549 562 872 871 563
 552 308 547 861 860 548 561 873 872 562
 553 308 877 880 557 564 889 892 571 576
 554 308 878 881 880 877 890 893 892 889
 555 308 879 882 881 878 891 894 893 890
 556 308 874 877 564 565 886 889 576 577
 557 308 875 878 877 874 887 890 889 886
 558 308 876 879 878 875 888 891 890 887
 559 308 871 874 565 566 883 886 577 578
 560 308 872 875 874 871 884 887 886 883
 561 308 873 876 875 872 885 888 887 884
 562 308 563 871 566 558 575 883 578 572
 563 308 562 872 871 563 574 884 883 575
 564 308 561 873 872 562 573 885 884 574
 565 308 889 892 571 576 901 904 583 590
 566 308 890 893 892 889 902 905 904 901
 567 308 891 894 893 890 903 906 905 902
 568 308 886 889 576 577 898 901 590 591
 569 308 887 890 889 886 899 902 901 898
 570 308 888 891 890 887 900 903 902 899
 571 308 883 886 577 578 895 898 591 592
 572 308 884 887 886 883 896 899 898 895
 573 308 885 888 887 884 897 900 899 896
 574 308 575 883 578 572 589 895 592 584
 575 308 574 884 883 575 588 896 895 589
 576 308 573 885 884 574 587 897 896 588
 577 308 901 904 583 590 913 916 597 604
 578 308 902 905 904 901 914 917 916 913
 579 308 903 906 905 902 915 918 917 914
 580 308 898 901 590 591 910 913 604 605
 581 308 899 902 901 898 911 914 913 910
 582 308 900 903 902 899 912 915 914 911
 583 308 895 898 591 592 907 910 605 606
 584 308 896 899 898 895 908 911 910 907
 585 308 897 900 899 896 909 912 911 908
 586 308 589 895 592 584 603 907 606 598
 587 308 588 896 895 589 602 908 907 603
 588 308 587 897 896 588 601 909 908 602
 589 308 913 916 597 604 925 928 491 498
 590 308 914 917 916 913 926 929 928 925
 591 308 915 918 917 914 927 930 929 926
 592 308 910 913 604 605 922 925 498 499
 593 308 911 914 913 910 923 926 925 922
 594 308 912 915 914 911 924 927 926 923
 595 308 907 910 605 606 919 922 499 500
 596 308 908 911 910 907 920 923 922 919
 597 308 909 912 911 908 921 924 923 920
 598 308 603 907 606 598 497 919 500 492
 599 308 602 908 907 603 496 920 919 497
 600 308 601 909 908 602 495 921 920 496
1
Vectors_Elements
 203 600
         1  2.6927376E-14 -2.9038960E-01 -3.2810387E-01
         2 -2.8714983E-14 -3.5522616E-01 -7.1094610E-02
         3  7.4629972E-15 -3.1212059E-01 -2.4150726E-01
         4 -1.1092602E-14 -3.3353198E-01 -1.5599762E-01
         5 -1.9158354E-15 -4.8346948E-02  1.3691762E-02
         6 -6.6282293E-15 -1.3236256E-01 -8.6869113E-04
         7 -1.5157319E-14 -2.3782375E-01 -3.1707868E-02
         8 -4.7880909E-14 -4.9479666E-01 -1.2163328E-01
         9  1.5410675E-14 -4.5097643E-01 -3.3064160E-01
        10 -6.7139436E-14 -6.3822371E-01 -1.7275254E-01
        11  4.8605868E-15 -6.1644852E-01 -3.3370832E-01
        12 -8.7882089E-04 -7.9450035E-01 -3.7540150E-01
        13 -2.0823788E-03 -8.0381101E-01 -4.2478809E-01
        14 -3.9344071E-03 -8.1334668E-01 -4.9130177E-01
        15 -5.9386739E-03 -8.2194275E-01 -5.7461095E-01
        16 -9.2595099E-03 -8.3014363E-01 -6.7353529E-01
        17 -1.3224660E-02 -8.3792228E-01 -7.8625989E-01
        18 -1.7665787E-02 -8.4408969E-01 -9.0941525E-01
        19 -2.9302482E-02 -8.5532635E-01 -1.1775589E+00
        20  1.0119610E-02 -8.3338654E-01 -2.3158838E-01
        21  4.4469815E-03 -8.3390468E-01 -3.5220516E-01
        22            0.0            0.0            0.0
        23  1.8162013E-03 -3.8505229E-01 -7.8266479E-02
        24  8.7350318E-03 -8.5401905E-01 -2.3974806E-01
        25  3.0117466E-03 -8.5457069E-01 -3.6167666E-01
        26 -6.8981722E-03 -3.1392148E-01 -3.5662249E-01
        27 -3.3331059E-03 -3.3907741E-01 -2.6113194E-01
        28 -7.0605008E-04 -3.6201563E-01 -1.6956149E-01
        29  4.8400369E-04 -5.3930614E-02  1.4562263E-02
        30  1.0393570E-03 -1.4516822E-01 -2.1409190E-03
        31  1.9467550E-03 -2.5869471E-01 -3.5750374E-02
        32  3.0979703E-03 -5.3745657E-01 -1.3226038E-01
        33 -4.4905026E-03 -4.9147862E-01 -3.5969967E-01
        34  6.4153001E-03 -6.9527757E-01 -1.8703701E-01
        35 -1.0836715E-03 -6.7269808E-01 -3.6126807E-01
        36            0.0            0.0            0.0
        37  1.0237191E-03 -3.5591137E-01 -7.1126044E-02
        38  4.7670687E-03 -7.8666919E-01 -2.2298105E-01
        39 -1.1869412E-03 -3.1257302E-01 -2.4217446E-01
        40  2.7436558E-05 -3.3414310E-01 -1.5631534E-01
        41 -3.9062004E-05 -4.8373457E-02  1.3698497E-02
        42  4.0940515E-05 -1.3247782E-01 -8.6657441E-04
        43  3.2165865E-04 -2.3812465E-01 -3.1706464E-02
        44  2.2743125E-03 -4.9619758E-01 -1.2176722E-01
        45  3.7601693E-03 -6.4051545E-01 -1.7298748E-01
        46            0.0            0.0            0.0
        47  1.8837035E-03 -3.5784659E-01 -7.1247675E-02
        48  8.1140827E-03 -7.9522753E-01 -2.2384436E-01
        49  1.5285618E-03 -7.9579479E-01 -3.3910307E-01
        50 -5.3176964E-03 -2.9075649E-01 -3.3364975E-01
        51 -2.1398712E-03 -3.1401917E-01 -2.4384342E-01
        52  4.6103003E-05 -3.3589172E-01 -1.5719756E-01
        53 -4.6639980E-05 -4.8473481E-02  1.3725920E-02
        54  1.3075830E-04 -1.3286465E-01 -8.5944106E-04
        55  6.6515588E-04 -2.3904090E-01 -3.1729553E-02
        56  4.0130629E-03 -4.9997208E-01 -1.2216936E-01
        57 -3.6121991E-03 -4.5588917E-01 -3.3559498E-01
        58  6.5159774E-03 -6.4652419E-01 -1.7368394E-01
        59 -1.4705489E-03 -6.2458712E-01 -3.3761099E-01
        60            0.0            0.0            0.0
        61  2.5023525E-03 -3.6072105E-01 -7.1542546E-02
        62  9.8468205E-03 -8.0547154E-01 -2.2531338E-01
        63  3.1114179E-03 -8.0603153E-01 -3.4229007E-01
        64 -6.8545919E-03 -2.9218131E-01 -3.3751076E-01
        65 -2.8414309E-03 -3.1634143E-01 -2.4611336E-01
        66  4.0912975E-05 -3.3852714E-01 -1.5847436E-01
        67 -7.1873433E-06 -4.8700981E-02  1.3788192E-02
        68  2.8625186E-04 -1.3359964E-01 -8.5713028E-04
        69  1.0215226E-03 -2.4058786E-01 -3.1834263E-02
        70  5.0087371E-03 -5.0507855E-01 -1.2283940E-01
        71 -4.2428533E-03 -4.6065363E-01 -3.3951250E-01
        72  7.9683578E-03 -6.5426975E-01 -1.7480622E-01
        73 -8.6261175E-04 -6.3231599E-01 -3.4098804E-01
        74            0.0            0.0            0.0
        75  2.9096706E-03 -3.6421132E-01 -7.2074950E-02
        76  1.0506464E-02 -8.1558675E-01 -2.2716598E-01
        77  3.7955141E-03 -8.1614059E-01 -3.4573331E-01
        78 -7.2580241E-03 -2.9440397E-01 -3.4127951E-01
        79 -3.3504437E-03 -3.1920019E-01 -2.4862951E-01
        80  2.6582849E-05 -3.4175897E-01 -1.6000491E-01
        81  7.3544761E-05 -4.9107611E-02  1.3893401E-02
        82  4.8944284E-04 -1.3474192E-01 -8.7868102E-04
        83  1.3662459E-03 -2.4273059E-01 -3.2081150E-02
        84  5.4377615E-03 -5.1062179E-01 -1.2378224E-01
        85 -4.5908820E-03 -4.6539909E-01 -3.4352776E-01
        86  8.4563941E-03 -6.6220599E-01 -1.7625634E-01
        87 -5.8676657E-04 -6.4005214E-01 -3.4492293E-01
        88            0.0            0.0            0.0
        89  3.1802009E-03 -3.6815444E-01 -7.2871804E-02
        90  1.0510834E-02 -8.2492548E-01 -2.2926570E-01
        91  4.3181800E-03 -8.2545578E-01 -3.4893084E-01
        92 -7.9374351E-03 -2.9734522E-01 -3.4503451E-01
        93 -3.5950118E-03 -3.2257429E-01 -2.5123391E-01
        94 -5.9957338E-06 -3.4546325E-01 -1.6172768E-01
        95  1.7728560E-04 -4.9719088E-02  1.4040825E-02
        96  7.0587144E-04 -1.3630061E-01 -9.4113895E-04
        97  1.6681688E-03 -2.4540778E-01 -3.2493152E-02
        98  5.5589667E-03 -5.1627761E-01 -1.2501508E-01
        99 -4.9267672E-03 -4.7039756E-01 -3.4700724E-01
       100  8.4182592E-03 -6.6978621E-01 -1.7797227E-01
       101 -4.2392893E-04 -6.4744133E-01 -3.4836441E-01
       102            0.0            0.0            0.0
       103  3.3059141E-03 -3.7246695E-01 -7.3921502E-02
       104 -8.4090373E-03 -3.0104667E-01 -3.4835315E-01
       105 -3.7290875E-03 -3.2649678E-01 -2.5394893E-01
       106 -5.9199512E-05 -3.4958220E-01 -1.6362330E-01
       107  2.9006007E-04 -5.0533965E-02  1.4223227E-02
       108  8.9811953E-04 -1.3823640E-01 -1.0547166E-03
       109  1.8829862E-03 -2.4853347E-01 -3.3058643E-02
       110  5.4772678E-03 -5.2199602E-01 -1.2652740E-01
       111 -4.9525718E-03 -4.7564769E-01 -3.5076502E-01
       112  8.0879824E-03 -6.7692298E-01 -1.7993023E-01
       113 -2.7818556E-04 -6.5436625E-01 -3.5196453E-01
       114            0.0            0.0            0.0
       115  3.2197661E-03 -3.7699348E-01 -7.5169884E-02
       116  9.5158238E-03 -8.4100026E-01 -2.3405470E-01
       117  3.9458270E-03 -8.4153634E-01 -3.5549617E-01
       118 -8.1116725E-03 -3.0528209E-01 -3.5145319E-01
       119 -3.7813154E-03 -3.3074987E-01 -2.5664493E-01
       120 -1.7684328E-04 -3.5396147E-01 -1.6562515E-01
       121  4.0304154E-04 -5.1539782E-02  1.4426860E-02
       122  1.0355423E-03 -1.4046633E-01 -1.2323181E-03
       123  1.9463744E-03 -2.5195429E-01 -3.3757884E-02
       124  5.1883254E-03 -5.2770597E-01 -1.2823857E-01
       125 -4.9250876E-03 -4.8107836E-01 -3.5431549E-01
       126  7.5589539E-03 -6.8361908E-01 -1.8204468E-01
       127 -5.7146908E-04 -6.6084868E-01 -3.5534674E-01
       128            0.0            0.0            0.0
       129  2.7536987E-03 -3.8140225E-01 -7.6648347E-02
       130  9.0328529E-03 -8.4784484E-01 -2.3667340E-01
       131  3.4450712E-03 -8.4831321E-01 -3.5857576E-01
       132 -7.5543937E-03 -3.0944413E-01 -3.5443458E-01
       133 -3.6570460E-03 -3.3503312E-01 -2.5908518E-01
       134 -3.8436567E-04 -3.5831204E-01 -1.6766158E-01
       135  4.8170050E-04 -5.2741997E-02  1.4643903E-02
       136  1.1027995E-03 -1.4289255E-01 -1.4467267E-03
       137  1.8859161E-03 -2.5543740E-01 -3.4593467E-02
       138  4.4686995E-03 -5.3322887E-01 -1.3001058E-01
       139 -4.6887114E-03 -4.8628959E-01 -3.5724965E-01
       140  6.9397343E-03 -6.8984151E-01 -1.8420765E-01
       141 -8.4661593E-04 -6.6694111E-01 -3.5840181E-01
       142  1.0617673E-04 -8.1453681E-01 -4.1829985E-01
       143 -3.7961468E-04 -8.2818919E-01 -4.6323547E-01
       144 -5.5155117E-04 -8.3573699E-01 -4.8322463E-01
       145 -1.4739006E-03 -8.4330446E-01 -4.8732433E-01
       146 -2.3967805E-03 -8.5003263E-01 -4.9080640E-01
       147 -3.3867664E-03 -8.5629606E-01 -4.9373505E-01
       148 -5.8663790E-03 -8.3868426E-01 -6.1630940E-01
       149 -6.9361734E-03 -8.4609884E-01 -6.2088275E-01
       150 -8.1916675E-03 -8.5286748E-01 -6.2472576E-01
       151 -9.5423199E-03 -8.5910356E-01 -6.2759757E-01
       152 -1.1328207E-02 -8.4195507E-01 -7.5187081E-01
       153 -1.2593849E-02 -8.4958762E-01 -7.5677335E-01
       154 -1.4053195E-02 -8.5632217E-01 -7.6093048E-01
       155 -1.5621397E-02 -8.6258352E-01 -7.6380193E-01
       156 -1.7163476E-02 -8.4574169E-01 -8.9027965E-01
       157 -1.8478548E-02 -8.5345680E-01 -8.9538699E-01
       158 -2.0088261E-02 -8.6016071E-01 -8.9977902E-01
       159 -2.1785147E-02 -8.6643660E-01 -9.0262592E-01
       160 -2.4633408E-02 -8.5770154E-01 -1.0372444E+00
       161 -2.6255023E-02 -8.6434907E-01 -1.0416459E+00
       162 -2.8103312E-02 -8.7061763E-01 -1.0444703E+00
       163 -3.0809941E-02 -8.6225355E-01 -1.1834749E+00
       164 -3.2498315E-02 -8.6881202E-01 -1.1879433E+00
       165 -3.3982899E-02 -8.7499869E-01 -1.1908295E+00
       166 -7.1219467E-03 -8.3462769E-01 -6.4497924E-01
       167 -1.1854999E-02 -3.5782883E-01 -4.9233946E-01
       168 -9.6684806E-03 -5.2291405E-01 -4.9263421E-01
       169 -6.6806786E-03 -6.8946671E-01 -4.9343675E-01
       170 -1.7394381E-02 -4.0262473E-01 -6.2732744E-01
       171 -1.4810015E-02 -5.5380064E-01 -6.2749225E-01
       172 -1.2208451E-02 -7.0628977E-01 -6.2755042E-01
       173 -2.2620853E-02 -4.4747990E-01 -7.6388210E-01
       174 -2.0218330E-02 -5.8472842E-01 -7.6390946E-01
       175 -1.7895645E-02 -7.2338754E-01 -7.6384532E-01
       176 -2.7736392E-02 -4.9253163E-01 -9.0266788E-01
       177 -2.5666656E-02 -6.1599791E-01 -9.0273559E-01
       178 -2.3693256E-02 -7.4090981E-01 -9.0265012E-01
       179 -3.2820981E-02 -5.3816813E-01 -1.0445374E+00
       180 -3.9497469E-02 -5.7869148E-01 -1.1871423E+00
       181 -1.2854586E-02 -3.5261679E-01 -4.8990142E-01
       182 -9.7309006E-03 -5.1727879E-01 -4.9003142E-01
       183 -6.2433076E-03 -6.8348581E-01 -4.9058399E-01
       184 -1.8392993E-02 -3.9698058E-01 -6.2454927E-01
       185 -1.5143252E-02 -5.4794645E-01 -6.2469137E-01
       186 -1.1783838E-02 -7.0022649E-01 -6.2469834E-01
       187 -2.3843063E-02 -4.4165757E-01 -7.6094460E-01
       188 -2.0605000E-02 -5.7874817E-01 -7.6098287E-01
       189 -1.7420271E-02 -7.1724403E-01 -7.6094860E-01
       190 -2.9130597E-02 -4.8658746E-01 -8.9970690E-01
       191 -2.6097536E-02 -6.0993695E-01 -8.9978749E-01
       192 -2.3160111E-02 -7.3470926E-01 -8.9975333E-01
       193 -3.4315683E-02 -5.3211617E-01 -1.0416217E+00
       194 -4.0904962E-02 -5.7240885E-01 -1.1826429E+00
       195 -1.3858099E-02 -3.4794238E-01 -4.8641407E-01
       196 -1.0014705E-02 -5.1175302E-01 -4.8660600E-01
       197 -5.9148963E-03 -6.7729396E-01 -4.8712334E-01
       198 -1.9528063E-02 -3.9188004E-01 -6.2070453E-01
       199 -1.5471392E-02 -5.4215360E-01 -6.2085783E-01
       200 -1.1394051E-02 -6.9388098E-01 -6.2088478E-01
       201 -2.5102256E-02 -4.3611276E-01 -7.5673914E-01
       202 -2.1032985E-02 -5.7275617E-01 -7.5688940E-01
       203 -1.6949167E-02 -7.1081984E-01 -7.5687772E-01
       204 -3.0506255E-02 -4.8073938E-01 -8.9528668E-01
       205 -2.6554359E-02 -6.0376984E-01 -8.9550310E-01
       206 -2.2635680E-02 -7.2822410E-01 -8.9548475E-01
       207 -3.5742026E-02 -5.2606565E-01 -1.0371844E+00
       208 -4.2389721E-02 -5.6586981E-01 -1.1765567E+00
       209 -1.5009663E-02 -3.4360740E-01 -4.8236731E-01
       210 -1.0261080E-02 -5.0635445E-01 -4.8242432E-01
       211 -5.6068227E-03 -6.7067909E-01 -4.8300445E-01
       212 -2.0595023E-02 -3.8691628E-01 -6.1576551E-01
       213 -1.5796302E-02 -5.3649139E-01 -6.1597925E-01
       214 -1.1148006E-02 -6.8719983E-01 -6.1609179E-01
       215 -2.6319724E-02 -4.3095526E-01 -7.5155830E-01
       216 -2.1368595E-02 -5.6695026E-01 -7.5132579E-01
       217 -1.6598430E-02 -7.0389742E-01 -7.5143749E-01
       218 -3.1662215E-02 -4.7531930E-01 -8.8994271E-01
       219 -2.7009176E-02 -5.9779251E-01 -8.8972157E-01
       220 -2.2088362E-02 -7.2122484E-01 -8.8979679E-01
       221 -3.8070254E-02 -5.8474755E-01 -1.1899354E+00
       222 -2.9536024E-02 -7.5882852E-01 -1.0446116E+00
       223 -3.5550717E-02 -7.7715278E-01 -1.1903275E+00
       224 -3.1136511E-02 -6.4781880E-01 -1.0446351E+00
       225 -3.6876135E-02 -6.8039042E-01 -1.1901135E+00
       226 -2.9003223E-02 -7.5261843E-01 -1.0417637E+00
       227 -3.4842372E-02 -7.7097791E-01 -1.1874689E+00
       228 -3.1629808E-02 -6.4170146E-01 -1.0417447E+00
       229 -3.7156317E-02 -6.7430145E-01 -1.1873077E+00
       230 -2.8399093E-02 -7.4610198E-01 -1.0373858E+00
       231 -3.4258816E-02 -7.6447141E-01 -1.1829880E+00
       232 -3.2045554E-02 -6.3542682E-01 -1.0373501E+00
       233 -3.7580784E-02 -6.6789889E-01 -1.1828160E+00
       234 -2.2924628E-02 -8.5001642E-01 -1.0397248E+00
       235 -3.7905622E-02 -5.1949120E-01 -1.0395721E+00
       236 -2.8137820E-02 -7.3876321E-01 -1.0397519E+00
       237 -3.3522516E-02 -7.5763321E-01 -1.1770351E+00
       238 -3.3114836E-02 -6.2841469E-01 -1.0396885E+00
       239 -3.7870903E-02 -6.6115540E-01 -1.1768110E+00
       240 -3.2762814E-02 -4.8021033E-01 -9.0906155E-01
       241 -2.2904782E-02 -7.1933138E-01 -9.0840411E-01
       242 -2.8143313E-02 -5.9577471E-01 -9.0834856E-01
       243 -2.7607854E-02 -4.3948752E-01 -7.8545046E-01
       244 -1.8422591E-02 -6.9969618E-01 -7.8544956E-01
       245 -2.3078442E-02 -5.6277412E-01 -7.8522927E-01
       246 -2.2163512E-02 -3.9448866E-01 -6.4427835E-01
       247 -1.2656589E-02 -6.8333918E-01 -6.4467597E-01
       248 -1.7313760E-02 -5.3319621E-01 -6.4446461E-01
       249 -2.2744346E-02 -4.0265968E-01 -6.7258281E-01
       250 -1.4443672E-02 -6.7933065E-01 -6.7358679E-01
       251 -1.8561414E-02 -5.2979589E-01 -6.7312360E-01
       252 -1.3811341E-02 -3.3478737E-01 -4.6197614E-01
       253 -5.2893716E-03 -6.6450691E-01 -4.6286520E-01
       254 -9.3682529E-03 -5.0155210E-01 -4.6218014E-01
       255 -1.0659046E-02 -3.1786585E-01 -4.1557461E-01
       256 -4.1271937E-03 -6.3880455E-01 -4.1717950E-01
       257 -7.4953972E-03 -4.6464610E-01 -4.1562474E-01
       258 -5.9059211E-03 -3.0333641E-01 -3.6959919E-01
       259 -3.3619606E-03 -6.2384802E-01 -3.7377647E-01
       260 -4.7255261E-03 -4.5568737E-01 -3.7089434E-01
       261 -9.5041832E-03 -3.1897661E-01 -4.2073998E-01
       262 -5.3066183E-03 -6.3040113E-01 -4.2264497E-01
       263 -7.2833435E-03 -4.5945624E-01 -4.2033499E-01
       264 -1.3809871E-02 -3.4119177E-01 -4.8843235E-01
       265 -8.0016386E-03 -6.3753325E-01 -4.9001321E-01
       266 -1.0846077E-02 -4.6315029E-01 -4.8884198E-01
       267 -1.8340226E-02 -3.6964837E-01 -5.7296026E-01
       268 -1.0951503E-02 -6.5875900E-01 -5.7458919E-01
       269 -1.4557887E-02 -4.9667704E-01 -5.7378054E-01
       270 -4.8578326E-15 -4.6552467E-01 -2.6161230E-01
       271 -2.7450612E-14 -4.8030326E-01 -1.9151901E-01
       272 -3.1848547E-14 -6.2736702E-01 -2.5302929E-01
       273 -4.8323938E-14 -7.8328443E-01 -2.7859548E-01
       274 -1.4300866E-14 -7.8332353E-01 -3.3458143E-01
       275 -8.0424118E-14 -7.8321552E-01 -2.2271429E-01
       276 -2.7148791E-03 -2.9050308E-01 -3.2951644E-01
       277 -2.1940377E-03 -4.5217875E-01 -3.3204624E-01
       278 -1.3611524E-03 -6.1856288E-01 -3.3488441E-01
       279 -4.8446452E-04 -4.6683589E-01 -2.6240215E-01
       280  9.3599490E-04 -4.8165655E-01 -1.9196700E-01
       281  1.3412313E-03 -6.2960935E-01 -2.5373396E-01
       282 -3.8214428E-05 -7.8686267E-01 -3.3609295E-01
       283  2.4380924E-03 -7.8678608E-01 -2.7939716E-01
       284 -8.3560316E-04 -4.7046706E-01 -2.6444027E-01
       285  1.6592429E-03 -4.8531544E-01 -1.9317393E-01
       286  2.5026384E-03 -6.3555759E-01 -2.5558418E-01
       287  4.4902717E-03 -7.9542804E-01 -2.8131372E-01
       288 -1.0761503E-03 -4.7527742E-01 -2.6711419E-01
       289  2.0854524E-03 -4.9024060E-01 -1.9486025E-01
       290  3.3071928E-03 -6.4318877E-01 -2.5805712E-01
       291  5.9993262E-03 -8.0563700E-01 -2.8372726E-01
       292 -1.2001070E-03 -4.8035866E-01 -2.7000904E-01
       293  2.2603793E-03 -4.9556202E-01 -1.9679293E-01
       294  3.7707223E-03 -6.5098387E-01 -2.6070938E-01
       295  6.8481332E-03 -8.1574494E-01 -2.8644139E-01
       296 -1.2603458E-03 -4.8562625E-01 -2.7288511E-01
       297  2.2660340E-03 -5.0101787E-01 -1.9887748E-01
       298  3.8892233E-03 -6.5845770E-01 -2.6339808E-01
       299  7.0948144E-03 -8.2507652E-01 -2.8918573E-01
       300 -1.3677393E-03 -4.9105516E-01 -2.7579123E-01
       301  2.1537931E-03 -5.0658482E-01 -2.0109244E-01
       302  3.7211818E-03 -6.6548806E-01 -2.6615533E-01
       303  6.9710659E-03 -8.3352137E-01 -2.9201031E-01
       304 -1.4439371E-03 -4.9653804E-01 -2.7864778E-01
       305  1.9059832E-03 -5.1216513E-01 -2.0337646E-01
       306  3.4325663E-03 -6.7208135E-01 -2.6890925E-01
       307  6.6041099E-03 -8.4114039E-01 -2.9484108E-01
       308 -1.5075868E-03 -5.0181752E-01 -2.8132880E-01
       309  1.5632163E-03 -5.1754987E-01 -2.0565782E-01
       310  3.0839271E-03 -6.7823809E-01 -2.7158672E-01
       311  6.1758747E-03 -8.4795576E-01 -2.9769367E-01
       312 -1.2247183E-03 -5.0649995E-01 -2.8379846E-01
       313  1.1653220E-03 -5.2189171E-01 -2.0815325E-01
       314  2.8021324E-03 -6.8373495E-01 -2.7461347E-01
       315  6.0428018E-03 -8.5418671E-01 -3.0082864E-01
       316 -6.7817681E-02 -8.7058997E-01 -2.0949383E+00
       317 -6.0047362E-02 -8.7034351E-01 -1.8932793E+00
       318 -5.2029382E-02 -8.6646992E-01 -1.7021662E+00
       319 -4.4143755E-02 -8.6416143E-01 -1.5206245E+00
       320 -3.6746487E-02 -8.5910678E-01 -1.3454018E+00
       321 -6.8082154E-02 -8.9001518E-01 -2.1083441E+00
       322 -6.7932278E-02 -8.7740475E-01 -2.1019061E+00
       323 -6.7967549E-02 -8.8387990E-01 -2.1063750E+00
       324 -6.0465291E-02 -8.7724376E-01 -1.9002441E+00
       325 -6.0865562E-02 -8.8371885E-01 -1.9047122E+00
       326 -6.1283361E-02 -8.8976872E-01 -1.9066851E+00
       327 -5.2944008E-02 -8.7345403E-01 -1.7089809E+00
       328 -5.3817283E-02 -8.7992787E-01 -1.7134494E+00
       329 -5.4733247E-02 -8.8589603E-01 -1.7155725E+00
       330 -4.5422167E-02 -8.7103301E-01 -1.5271516E+00
       331 -4.6772797E-02 -8.7750870E-01 -1.5316230E+00
       332 -4.8049740E-02 -8.8358843E-01 -1.5340281E+00
       333 -3.8146239E-02 -8.6590153E-01 -1.3516265E+00
       334 -3.9540846E-02 -8.7240869E-01 -1.3560909E+00
       335 -4.0918067E-02 -8.7855786E-01 -1.3587761E+00
       336 -6.1565936E-02 -8.1938452E-01 -1.9066498E+00
       337 -5.5357162E-02 -7.5627190E-01 -1.7156501E+00
       338 -4.9639344E-02 -6.9591975E-01 -1.5335282E+00
       339 -4.8962593E-02 -7.8874856E-01 -1.5336974E+00
       340 -4.3630436E-02 -6.3926196E-01 -1.3589600E+00
       341 -4.2231765E-02 -7.5847942E-01 -1.3589815E+00
       342 -6.2136237E-02 -8.1334043E-01 -1.9046794E+00
       343 -5.6459982E-02 -7.5021476E-01 -1.7135335E+00
       344 -5.0831415E-02 -6.8978822E-01 -1.5311233E+00
       345 -4.8750665E-02 -7.8262967E-01 -1.5312787E+00
       346 -4.5124065E-02 -6.3318330E-01 -1.3562906E+00
       347 -4.2356856E-02 -7.5235057E-01 -1.3563235E+00
       348 -6.2731549E-02 -8.0686557E-01 -1.9002112E+00
       349 -5.7376802E-02 -7.4373817E-01 -1.7090646E+00
       350 -5.1969629E-02 -6.8331331E-01 -1.5266520E+00
       351 -4.8749164E-02 -7.7615184E-01 -1.5268074E+00
       352 -4.6548128E-02 -6.2676632E-01 -1.3518085E+00
       353 -4.2339310E-02 -7.4587995E-01 -1.3518528E+00
       354 -6.3302211E-02 -7.9995894E-01 -1.8932440E+00
       355 -5.8477715E-02 -7.3684722E-01 -1.7022451E+00
       356 -5.3166259E-02 -6.7649430E-01 -1.5201201E+00
       357 -4.8533171E-02 -7.6932561E-01 -1.5202935E+00
       358 -4.8081838E-02 -6.1992764E-01 -1.3455808E+00
       359 -4.2478725E-02 -7.3904872E-01 -1.3456028E+00
       360 -6.3394169E-15 -2.1897370E-01 -9.7763866E-02
       361  4.7834784E-15 -2.0031066E-01 -1.6458161E-01
       362  1.7451296E-14 -1.7984693E-01 -2.3533951E-01
       363 -2.6919114E-15 -1.1723836E-01 -4.6287872E-02
       364  2.0471607E-15 -1.0166977E-01 -9.3364656E-02
       365  7.5125664E-15 -8.4411673E-02 -1.4397442E-01
       366 -9.1617932E-16 -3.8497828E-02 -9.6800942E-03
       367  7.0163535E-16 -2.8749706E-02 -3.3255331E-02
       368  2.3415669E-15 -1.5631557E-02 -6.2647752E-02
       369            0.0            0.0            0.0
       370            0.0            0.0            0.0
       371            0.0            0.0            0.0
       372            0.0            0.0            0.0
       373 -1.1097148E-04 -2.1922123E-01 -9.7910672E-02
       374 -7.0026662E-04 -2.0045376E-01 -1.6492681E-01
       375 -1.3528552E-03 -1.7987522E-01 -2.3585883E-01
       376 -1.1761222E-04 -1.1732446E-01 -4.6349321E-02
       377 -3.4003003E-04 -1.0172717E-01 -9.3497224E-02
       378 -5.6494505E-04 -8.4445462E-02 -1.4417452E-01
       379 -7.9867459E-05 -3.8513489E-02 -9.6918056E-03
       380 -1.4618666E-04 -2.8750839E-02 -3.3293329E-02
       381 -2.1186203E-04 -1.5615093E-02 -6.2718630E-02
       382            0.0            0.0            0.0
       383            0.0            0.0            0.0
       384            0.0            0.0            0.0
       385 -1.8385438E-04 -2.2000237E-01 -9.8327890E-02
       386 -1.2904848E-03 -2.0094152E-01 -1.6589303E-01
       387 -2.4305640E-03 -1.8021911E-01 -2.3704414E-01
       388 -2.0515907E-04 -1.1762755E-01 -4.6538725E-02
       389 -6.5419014E-04 -1.0197123E-01 -9.3879417E-02
       390 -1.1450903E-03 -8.4573723E-02 -1.4484231E-01
       391 -1.4004030E-04 -3.8580444E-02 -9.7240880E-03
       392 -2.8245439E-04 -2.8765654E-02 -3.3413962E-02
       393 -4.2245540E-04 -1.5589902E-02 -6.2916838E-02
       394            0.0            0.0            0.0
       395            0.0            0.0            0.0
       396            0.0            0.0            0.0
       397 -2.0982260E-04 -2.2137420E-01 -9.9004798E-02
       398 -1.7388735E-03 -2.0202702E-01 -1.6725242E-01
       399 -3.3265867E-03 -1.8108557E-01 -2.3897071E-01
       400 -2.4986372E-04 -1.1824119E-01 -4.6845518E-02
       401 -9.2579977E-04 -1.0246760E-01 -9.4514340E-02
       402 -1.6898415E-03 -8.4911741E-02 -1.4586316E-01
       403 -1.6919799E-04 -3.8746778E-02 -9.7849676E-03
       404 -4.0106382E-04 -2.8858626E-02 -3.3619083E-02
       405 -6.3420727E-04 -1.5606093E-02 -6.3281216E-02
       406            0.0            0.0            0.0
       407            0.0            0.0            0.0
       408            0.0            0.0            0.0
       409 -2.1083240E-04 -2.2332700E-01 -9.9917218E-02
       410 -2.0702851E-03 -2.0373406E-01 -1.6888823E-01
       411 -4.1596666E-03 -1.8256162E-01 -2.4126959E-01
       412 -2.5338604E-04 -1.1923599E-01 -4.7277704E-02
       413 -1.1493692E-03 -1.0331125E-01 -9.5375128E-02
       414 -2.1422547E-03 -8.5570417E-02 -1.4720200E-01
       415 -1.6918281E-04 -3.9063007E-02 -9.8787025E-03
       416 -4.9785170E-04 -2.9081507E-02 -3.3918370E-02
       417 -8.4631413E-04 -1.5713803E-02 -6.3827030E-02
       418            0.0            0.0            0.0
       419            0.0            0.0            0.0
       420            0.0            0.0            0.0
       421 -1.9959912E-04 -2.2581299E-01 -1.0103533E-01
       422 -2.3240228E-03 -2.0599361E-01 -1.7073432E-01
       423 -4.6682986E-03 -1.8457922E-01 -2.4378711E-01
       424 -2.3253457E-04 -1.2062816E-01 -4.7838323E-02
       425 -1.3218910E-03 -1.0453743E-01 -9.6435383E-02
       426 -2.5564691E-03 -8.6605519E-02 -1.4879903E-01
       427 -1.4765628E-04 -3.9555941E-02 -1.0008386E-02
       428 -5.7295285E-04 -2.9464053E-02 -3.4313083E-02
       429 -1.0274021E-03 -1.5941592E-02 -6.4559266E-02
       430            0.0            0.0            0.0
       431            0.0            0.0            0.0
       432            0.0            0.0            0.0
       433 -2.0298285E-04 -2.2875929E-01 -1.0232675E-01
       434 -2.4899289E-03 -2.0875673E-01 -1.7270581E-01
       435 -4.9931929E-03 -1.8712746E-01 -2.4645771E-01
       436 -2.0534609E-04 -1.2238619E-01 -4.8512280E-02
       437 -1.4503783E-03 -1.0611632E-01 -9.7666085E-02
       438 -2.8768976E-03 -8.7981202E-02 -1.5060444E-01
       439 -1.1288280E-04 -4.0223822E-02 -1.0176189E-02
       440 -6.2523724E-04 -3.0010248E-02 -3.4792740E-02
       441 -1.1764896E-03 -1.6303292E-02 -6.5454923E-02
       442            0.0            0.0            0.0
       443            0.0            0.0            0.0
       444            0.0            0.0            0.0
       445 -2.4813382E-04 -2.3202167E-01 -1.0373530E-01
       446 -2.5858101E-03 -2.1187395E-01 -1.7473130E-01
       447 -5.2109263E-03 -1.9001743E-01 -2.4915904E-01
       448 -1.8343117E-04 -1.2443573E-01 -4.9275383E-02
       449 -1.5320661E-03 -1.0798036E-01 -9.9010304E-02
       450 -3.0645237E-03 -8.9661814E-02 -1.5251195E-01
       451 -6.8102920E-05 -4.1063219E-02 -1.0383135E-02
       452 -6.5375579E-04 -3.0721622E-02 -3.5343979E-02
       453 -1.2919020E-03 -1.6800847E-02 -6.6486649E-02
       454            0.0            0.0            0.0
       455            0.0            0.0            0.0
       456            0.0            0.0            0.0
       457 -3.1585188E-04 -2.3534559E-01 -1.0517640E-01
       458 -2.6374760E-03 -2.1510230E-01 -1.7666072E-01
       459 -5.2014897E-03 -1.9309440E-01 -2.5161904E-01
       460 -1.8481538E-04 -1.2669115E-01 -5.0072860E-02
       461 -1.5759171E-03 -1.1007457E-01 -1.0036670E-01
       462 -3.1643703E-03 -9.1591336E-02 -1.5440173E-01
       463 -3.7023849E-05 -4.2084839E-02 -1.0632789E-02
       464 -6.3095341E-04 -3.1618744E-02 -3.5955828E-02
       465 -1.3264851E-03 -1.7458331E-02 -6.7618869E-02
       466            0.0            0.0            0.0
       467            0.0            0.0            0.0
       468            0.0            0.0            0.0
       469 -3.0642949E-04 -2.3856890E-01 -1.0657868E-01
       470 -2.7096653E-03 -2.1839646E-01 -1.7817624E-01
       471 -5.1425388E-03 -1.9633967E-01 -2.5347388E-01
       472 -2.3702710E-04 -1.2895764E-01 -5.1001180E-02
       473 -1.6396149E-03 -1.1244632E-01 -1.0134688E-01
       474 -3.1319817E-03 -9.3987457E-02 -1.5559119E-01
       475 -1.2038893E-05 -4.3195851E-02 -1.0989565E-02
       476 -5.5899855E-04 -3.2815453E-02 -3.6332190E-02
       477 -1.1779349E-03 -1.8575199E-02 -6.8290055E-02
       478            0.0            0.0            0.0
       479            0.0            0.0            0.0
       480            0.0            0.0            0.0
       481  8.7882089E-04 -7.9450035E-01 -3.7540150E-01
       482  2.0823788E-03 -8.0381101E-01 -4.2478809E-01
       483  3.9344071E-03 -8.1334668E-01 -4.9130177E-01
       484  5.9386739E-03 -8.2194275E-01 -5.7461095E-01
       485  9.2595099E-03 -8.3014363E-01 -6.7353529E-01
       486  1.3224660E-02 -8.3792228E-01 -7.8625989E-01
       487  1.7665787E-02 -8.4408969E-01 -9.0941525E-01
       488  2.9302482E-02 -8.5532635E-01 -1.1775589E+00
       489 -1.0119610E-02 -8.3338654E-01 -2.3158838E-01
       490 -4.4469815E-03 -8.3390468E-01 -3.5220516E-01
       491            0.0            0.0            0.0
       492 -1.8162013E-03 -3.8505229E-01 -7.8266479E-02
       493 -8.7350318E-03 -8.5401905E-01 -2.3974806E-01
       494 -3.0117466E-03 -8.5457069E-01 -3.6167666E-01
       495  6.8981722E-03 -3.1392148E-01 -3.5662249E-01
       496  3.3331059E-03 -3.3907741E-01 -2.6113194E-01
       497  7.0605008E-04 -3.6201563E-01 -1.6956149E-01
       498 -4.8400369E-04 -5.3930614E-02  1.4562263E-02
       499 -1.0393570E-03 -1.4516822E-01 -2.1409190E-03
       500 -1.9467550E-03 -2.5869471E-01 -3.5750374E-02
       501 -3.0979703E-03 -5.3745657E-01 -1.3226038E-01
       502  4.4905026E-03 -4.9147862E-01 -3.5969967E-01
       503 -6.4153001E-03 -6.9527757E-01 -1.8703701E-01
       504  1.0836715E-03 -6.7269808E-01 -3.6126807E-01
       505            0.0            0.0            0.0
       506 -1.0237191E-03 -3.5591137E-01 -7.1126044E-02
       507 -4.7670687E-03 -7.8666919E-01 -2.2298105E-01
       508  1.1869412E-03 -3.1257302E-01 -2.4217446E-01
       509 -2.7436558E-05 -3.3414310E-01 -1.5631534E-01
       510  3.9062004E-05 -4.8373457E-02  1.3698497E-02
       511 -4.0940515E-05 -1.3247782E-01 -8.6657441E-04
       512 -3.2165865E-04 -2.3812465E-01 -3.1706464E-02
       513 -2.2743125E-03 -4.9619758E-01 -1.2176722E-01
       514 -3.7601693E-03 -6.4051545E-01 -1.7298748E-01
       515            0.0            0.0            0.0
       516 -1.8837035E-03 -3.5784659E-01 -7.1247675E-02
       517 -8.1140827E-03 -7.9522753E-01 -2.2384436E-01
       518 -1.5285618E-03 -7.9579479E-01 -3.3910307E-01
       519  5.3176964E-03 -2.9075649E-01 -3.3364975E-01
       520  2.1398712E-03 -3.1401917E-01 -2.4384342E-01
       521 -4.6103003E-05 -3.3589172E-01 -1.5719756E-01
       522  4.6639980E-05 -4.8473481E-02  1.3725920E-02
       523 -1.3075830E-04 -1.3286465E-01 -8.5944106E-04
       524 -6.6515588E-04 -2.3904090E-01 -3.1729553E-02
       525 -4.0130629E-03 -4.9997208E-01 -1.2216936E-01
       526  3.6121991E-03 -4.5588917E-01 -3.3559498E-01
       527 -6.5159774E-03 -6.4652419E-01 -1.7368394E-01
       528  1.4705489E-03 -6.2458712E-01 -3.3761099E-01
       529            0.0            0.0            0.0
       530 -2.5023525E-03 -3.6072105E-01 -7.1542546E-02
       531 -9.8468205E-03 -8.0547154E-01 -2.2531338E-01
       532 -3.1114179E-03 -8.0603153E-01 -3.4229007E-01
       533  6.8545919E-03 -2.9218131E-01 -3.3751076E-01
       534  2.8414309E-03 -3.1634143E-01 -2.4611336E-01
       535 -4.0912975E-05 -3.3852714E-01 -1.5847436E-01
       536  7.1873433E-06 -4.8700981E-02  1.3788192E-02
       537 -2.8625186E-04 -1.3359964E-01 -8.5713028E-04
       538 -1.0215226E-03 -2.4058786E-01 -3.1834263E-02
       539 -5.0087371E-03 -5.0507855E-01 -1.2283940E-01
       540  4.2428533E-03 -4.6065363E-01 -3.3951250E-01
       541 -7.9683578E-03 -6.5426975E-01 -1.7480622E-01
       542  8.6261175E-04 -6.3231599E-01 -3.4098804E-01
       543            0.0            0.0            0.0
       544 -2.9096706E-03 -3.6421132E-01 -7.2074950E-02
       545 -1.0506464E-02 -8.1558675E-01 -2.2716598E-01
       546 -3.7955141E-03 -8.1614059E-01 -3.4573331E-01
       547  7.2580241E-03 -2.9440397E-01 -3.4127951E-01
       548  3.3504437E-03 -3.1920019E-01 -2.4862951E-01
       549 -2.6582849E-05 -3.4175897E-01 -1.6000491E-01
       550 -7.3544761E-05 -4.9107611E-02  1.3893401E-02
       551 -4.8944284E-04 -1.3474192E-01 -8.7868102E-04
       552 -1.3662459E-03 -2.4273059E-01 -3.2081150E-02
       553 -5.4377615E-03 -5.1062179E-01 -1.2378224E-01
       554  4.5908820E-03 -4.6539909E-01 -3.4352776E-01
       555 -8.4563941E-03 -6.6220599E-01 -1.7625634E-01
       556  5.8676657E-04 -6.4005214E-01 -3.4492293E-01
       557            0.0            0.0            0.0
       558 -3.1802009E-03 -3.6815444E-01 -7.2871804E-02
       559 -1.0510834E-02 -8.2492548E-01 -2.2926570E-01
       560 -4.3181800E-03 -8.2545578E-01 -3.4893084E-01
       561  7.9374351E-03 -2.9734522E-01 -3.4503451E-01
       562  3.5950118E-03 -3.2257429E-01 -2.5123391E-01
       563  5.9957338E-06 -3.4546325E-01 -1.6172768E-01
       564 -1.7728560E-04 -4.9719088E-02  1.4040825E-02
       565 -7.0587144E-04 -1.3630061E-01 -9.4113895E-04
       566 -1.6681688E-03 -2.4540778E-01 -3.2493152E-02
       567 -5.5589667E-03 -5.1627761E-01 -1.2501508E-01
       568  4.9267672E-03 -4.7039756E-01 -3.4700724E-01
       569 -8.4182592E-03 -6.6978621E-01 -1.7797227E-01
       570  4.2392893E-04 -6.4744133E-01 -3.4836441E-01
       571            0.0            0.0            0.0
       572 -3.3059141E-03 -3.7246695E-01 -7.3921502E-02
       573  8.4090373E-03 -3.0104667E-01 -3.4835315E-01
       574  3.7290875E-03 -3.2649678E-01 -2.5394893E-01
       575  5.9199512E-05 -3.4958220E-01 -1.6362330E-01
       576 -2.9006007E-04 -5.0533965E-02  1.4223227E-02
       577 -8.9811953E-04 -1.3823640E-01 -1.0547166E-03
       578 -1.8829862E-03 -2.4853347E-01 -3.3058643E-02
       579 -5.4772678E-03 -5.2199602E-01 -1.2652740E-01
       580  4.9525718E-03 -4.7564769E-01 -3.5076502E-01
       581 -8.0879824E-03 -6.7692298E-01 -1.7993023E-01
       582  2.7818556E-04 -6.5436625E-01 -3.5196453E-01
       583            0.0            0.0            0.0
       584 -3.2197661E-03 -3.7699348E-01 -7.5169884E-02
       585 -9.5158238E-03 -8.4100026E-01 -2.3405470E-01
       586 -3.9458270E-03 -8.4153634E-01 -3.5549617E-01
       587  8.1116725E-03 -3.0528209E-01 -3.5145319E-01
       588  3.7813154E-03 -3.3074987E-01 -2.5664493E-01
       589  1.7684328E-04 -3.5396147E-01 -1.6562515E-01
       590 -4.0304154E-04 -5.1539782E-02  1.4426860E-02
       591 -1.0355423E-03 -1.4046633E-01 -1.2323181E-03
       592 -1.9463744E-03 -2.5195429E-01 -3.3757884E-02
       593 -5.1883254E-03 -5.2770597E-01 -1.2823857E-01
       594  4.9250876E-03 -4.8107836E-01 -3.5431549E-01
       595 -7.5589539E-03 -6.8361908E-01 -1.8204468E-01
       596  5.7146908E-04 -6.6084868E-01 -3.5534674E-01
       597            0.0            0.0            0.0
       598 -2.7536987E-03 -3.8140225E-01 -7.6648347E-02
       599 -9.0328529E-03 -8.4784484E-01 -2.3667340E-01
       600 -3.4450712E-03 -8.4831321E-01 -3.5857576E-01
